SEGMENT#, BRANCH#, XC, YC, UTMZONE
 19,  1,   451981.99855,  5424092.40292, 11
 18,  1,   452440.39927,  5424278.58210, 11
 17,  1,   452918.40941,  5424424.24912, 11
 16,  1,   453369.86337,  5424637.22420, 11
 15,  1,   453800.40818,  5424892.85152, 11
 14,  1,   454191.62505,  5425200.12681, 11
 13,  1,   454570.20046,  5425526.04777, 11
 12,  1,   454996.28571,  5425784.82477, 11
 11,  1,   455441.29520,  5426014.12901, 11
 10,  1,   455870.26141,  5426271.72860, 11
  9,  1,   456317.97891,  5426485.68428, 11
  8,  1,   456744.47739,  5426727.50612, 11
  7,  1,   456967.52623,  5427140.69121, 11
  6,  1,   457024.96998,  5427637.99806, 11
  5,  1,   457089.83494,  5428134.14532, 11
  4,  1,   457172.08655,  5428628.10785, 11
  3,  1,   457323.13538,  5429099.65285, 11
  2,  1,   457567.29438,  5429536.15091, 11
 31,  2,   446222.05632,  5420924.89396, 11
 30,  2,   446521.88211,  5421157.97306, 11
 29,  2,   447011.10699,  5421219.84248, 11
 28,  2,   447469.88776,  5421414.24266, 11
 27,  2,   447938.91508,  5421512.15293, 11
 26,  2,   448395.06871,  5421348.63391, 11
 25,  2,   448844.38461,  5421269.55992, 11
 24,  2,   449248.23878,  5421523.20432, 11
 23,  2,   449533.95255,  5421931.99823, 11
 22,  2,   449789.23692,  5422362.74648, 11
 43,  3,   442540.29671,  5418665.03395, 11
 42,  3,   442782.49724,  5419103.15811, 11
 41,  3,   443045.63282,  5419527.56630, 11
 40,  3,   443396.81286,  5419875.52898, 11
 39,  3,   443826.93113,  5420128.00292, 11
 38,  3,   444265.41636,  5420368.00208, 11
 37,  3,   444709.90001,  5420594.23006, 11
 36,  3,   445163.17868,  5420805.30165, 11
 35,  3,   445541.44802,  5421118.00773, 11
 34,  3,   445869.56048,  5421495.90418, 11
 55,  4,   439163.41713,  5415148.18814, 11
 54,  4,   439638.26575,  5415300.71226, 11
 53,  4,   440055.06783,  5415537.03630, 11
 52,  4,   440360.56447,  5415930.66433, 11
 51,  4,   440637.00294,  5416348.03186, 11
 50,  4,   440947.41452,  5416739.83991, 11
 49,  4,   441295.73931,  5417099.06045, 11
 48,  4,   441660.15789,  5417442.51847, 11
 47,  4,   442036.20729,  5417772.86951, 11
 46,  4,   442423.75584,  5418089.99793, 11
 67,  5,   435285.13330,  5412526.14181, 11
 66,  5,   435689.21068,  5412821.25371, 11
 65,  5,   436127.69689,  5413058.41193, 11
 64,  5,   436580.23710,  5413271.89946, 11
 63,  5,   437001.44189,  5413539.38712, 11
 62,  5,   437322.88086,  5413909.59752, 11
 61,  5,   437565.15407,  5414347.85316, 11
 60,  5,   437902.38479,  5414692.17100, 11
 59,  5,   438367.82084,  5414849.41146, 11
 58,  5,   438854.45626,  5414958.63955, 11
 79,  6,   432250.97149,  5409015.66995, 11
 78,  6,   432652.75788,  5409312.20044, 11
 77,  6,   432996.02555,  5409673.36319, 11
 76,  6,   433256.18967,  5410097.70162, 11
 75,  6,   433446.33868,  5410560.28949, 11
 74,  6,   433554.83564,  5411045.47522, 11
 73,  6,   433599.84187,  5411544.19352, 11
 72,  6,   433679.36848,  5412036.98617, 11
 71,  6,   433898.26500,  5412473.30305, 11
 70,  6,   434261.31140,  5412812.05620, 11
 91,  7,   428550.60453,  5407295.64472, 11
 90,  7,   428968.92637,  5407570.19236, 11
 89,  7,   429403.21902,  5407819.31117, 11
 88,  7,   429859.66699,  5408020.85117, 11
 87,  7,   430346.26278,  5408084.86158, 11
 86,  7,   430839.88529,  5408010.65991, 11
 85,  7,   431322.23293,  5407877.57977, 11
 84,  7,   431805.13724,  5407746.94080, 11
 83,  7,   432260.43766,  5407557.54615, 11
 82,  7,   432718.08638,  5407465.15551, 11
103,  8,   426036.01951,  5404370.33657, 11
102,  8,   426470.98073,  5404616.95673, 11
101,  8,   426816.78821,  5404963.03969, 11
100,  8,   427006.54539,  5405418.18914, 11
 99,  8,   427073.70085,  5405912.61129, 11
 98,  8,   427075.40524,  5406412.83492, 11
 97,  8,   427018.98481,  5406909.18213, 11
 96,  8,   426920.39907,  5407400.09456, 11
 95,  8,   426873.68309,  5407895.11809, 11
 94,  8,   427025.42455,  5408349.20779, 11
115,  9,   423001.13472,  5400896.13946, 11
114,  9,   422927.22235,  5401391.26656, 11
113,  9,   422921.45330,  5401888.88831, 11
112,  9,   423034.65427,  5402372.35695, 11
111,  9,   423284.16090,  5402798.19648, 11
110,  9,   423610.56337,  5403177.94235, 11
109,  9,   423957.01404,  5403538.82328, 11
108,  9,   424319.71533,  5403884.10340, 11
107,  9,   424724.21092,  5404170.31712, 11
106,  9,   425171.62538,  5404395.22735, 11
127, 10,   423487.68588,  5396475.28446, 11
126, 10,   423307.50357,  5396942.34785, 11
125, 10,   423108.74810,  5397401.92421, 11
124, 10,   422882.99561,  5397848.35329, 11
123, 10,   422637.14021,  5398284.61664, 11
122, 10,   422406.84265,  5398728.94371, 11
121, 10,   422201.23421,  5399185.44722, 11
120, 10,   421988.88919,  5399638.62831, 11
119, 10,   421736.89931,  5400070.50082, 11
118, 10,   421500.77729,  5400509.80846, 11
139, 11,   423903.85426,  5392158.47770, 11
138, 11,   424388.27575,  5392285.16622, 11
137, 11,   424876.27936,  5392397.26726, 11
136, 11,   425357.93210,  5392530.98159, 11
135, 11,   425827.19189,  5392705.36374, 11
134, 11,   426270.33326,  5392933.70538, 11
133, 11,   426598.86263,  5393289.91187, 11
132, 11,   426751.63980,  5393758.77001, 11
131, 11,   426778.27172,  5394256.95237, 11
130, 11,   426734.23504,  5394755.02218, 11
192, 12,   413826.20004,  5373892.93420, 11
191, 12,   413859.22145,  5374881.01620, 11
190, 12,   413592.21626,  5375833.95795, 11
189, 12,   413158.63970,  5376735.70414, 11
188, 12,   412752.79415,  5377648.95267, 11
187, 12,   412364.94434,  5378570.96496, 11
186, 12,   412005.46536,  5379502.79603, 11
185, 12,   411764.89168,  5380472.47798, 11
184, 12,   411637.13808,  5381463.64524, 11
183, 12,   411534.09159,  5382458.75372, 11
182, 12,   411386.33471,  5383448.55335, 11
181, 12,   411310.03648,  5384442.75987, 11
180, 12,   411263.49424,  5385440.95307, 11
179, 12,   411135.58715,  5386433.31117, 11
178, 12,   410958.24272,  5387418.03639, 11
177, 12,   410761.18147,  5388399.31240, 11
176, 12,   410510.92317,  5389366.54015, 11
175, 12,   410160.39454,  5390302.94994, 11
174, 12,   409814.63461,  5391240.87773, 11
173, 12,   409506.28838,  5392193.02436, 11
172, 12,   409202.72557,  5393146.64118, 11
171, 12,   409056.50281,  5394126.16392, 11
170, 12,   409089.91107,  5395125.81581, 11
169, 12,   409184.82204,  5396121.87139, 11
168, 12,   409392.62096,  5397096.80114, 11
167, 12,   409758.18524,  5398025.50949, 11
166, 12,   410245.91285,  5398897.45017, 11
165, 12,   410901.67488,  5399637.62702, 11
164, 12,   411531.68686,  5400393.23920, 11
163, 12,   411961.61372,  5401294.73640, 11
162, 12,   412360.39430,  5402212.25126, 11
161, 12,   412895.94374,  5403047.78282, 11
160, 12,   413536.88471,  5403816.50281, 11
159, 12,   413969.52245,  5404689.72678, 11
158, 12,   414138.54898,  5405674.40378, 11
157, 12,   414360.37671,  5406643.61132, 11
156, 12,   414793.09382,  5407539.40382, 11
155, 12,   415324.74746,  5408387.40451, 11
154, 12,   415635.55311,  5409309.81945, 11
153, 12,   415521.59793,  5410282.76557, 11
152, 12,   415336.06043,  5411257.02949, 11
151, 12,   415389.18613,  5412250.80989, 11
150, 12,   415602.39842,  5413227.16742, 11
149, 12,   415958.05090,  5414157.89744, 11
148, 12,   416379.70034,  5415065.28190, 11
147, 12,   416814.70042,  5415965.80051, 11
146, 12,   417207.64213,  5416882.39054, 11
145, 12,   417488.87466,  5417842.30845, 11
144, 12,   417848.20552,  5418768.74564, 11
143, 12,   418576.00878,  5419300.28591, 11
142, 12,   419563.05291,  5419465.45038, 11
273, 13,   397657.06592,  5320939.06091, 11
272, 13,   397464.88775,  5319957.83661, 11
271, 13,   397587.32903,  5319032.75664, 11
270, 13,   398274.30870,  5318367.67491, 11
269, 13,   399213.09144,  5318052.18651, 11
268, 13,   400205.84916,  5317973.39168, 11
267, 13,   401187.02125,  5318122.48066, 11
266, 13,   402148.70184,  5318399.84544, 11
265, 13,   403080.33511,  5318321.21264, 11
264, 13,   403689.30621,  5317629.11341, 11
263, 13,   403863.29203,  5316654.13910, 11
262, 13,   404018.16505,  5315673.21914, 11
261, 13,   404448.65198,  5314785.65577, 11
260, 13,   405174.56292,  5314130.50937, 11
259, 13,   406084.21287,  5313725.15336, 11
258, 13,   407048.90220,  5313464.17823, 11
257, 13,   408018.08830,  5313217.52642, 11
256, 13,   408993.23361,  5313145.03402, 11
255, 13,   409854.61615,  5313556.67238, 11
254, 13,   410550.49325,  5314274.31682, 11
253, 13,   411056.76785,  5315118.91067, 11
252, 13,   411352.01588,  5316073.36726, 11
251, 13,   411555.63739,  5317052.68968, 11
250, 13,   411754.39208,  5318033.17734, 11
249, 13,   412049.44799,  5318987.01285, 11
248, 13,   412255.42639,  5319953.40133, 11
247, 13,   412150.24474,  5320936.42386, 11
246, 13,   411894.69691,  5321904.11753, 11
245, 13,   411697.93118,  5322883.92199, 11
244, 13,   411604.91501,  5323879.21414, 11
243, 13,   411588.31427,  5324879.60254, 11
242, 13,   411623.32697,  5325879.55700, 11
241, 13,   411718.20947,  5326875.31372, 11
240, 13,   411756.48008,  5327871.26333, 11
239, 13,   411492.95125,  5328811.79792, 11
238, 13,   410885.66157,  5329589.15687, 11
237, 13,   410328.19442,  5330389.86093, 11
236, 13,   409926.49340,  5331306.10095, 11
235, 13,   409510.95415,  5332216.51983, 11
234, 13,   409213.93576,  5333165.97670, 11
233, 13,   409106.25671,  5334157.41287, 11
232, 13,   409303.27383,  5335112.60120, 11
231, 13,   409900.77044,  5335882.46698, 11
230, 13,   410733.35181,  5336428.89610, 11
229, 13,   411653.51948,  5336813.38529, 11
228, 13,   412630.21019,  5336951.81573, 11
227, 13,   413618.90176,  5336828.38132, 11
226, 13,   414594.71903,  5336605.85854, 11
225, 13,   415580.52161,  5336447.57574, 11
224, 13,   416579.17457,  5336418.40320, 11
223, 13,   417564.16108,  5336558.00939, 11
222, 13,   418461.75069,  5336965.10478, 11
221, 13,   419250.52728,  5337578.28522, 11
220, 13,   419933.32626,  5338303.91089, 11
219, 13,   420334.66702,  5339190.68879, 11
218, 13,   420474.15838,  5340180.53758, 11
217, 13,   420482.54506,  5341178.05257, 11
216, 13,   420301.32410,  5342156.23825, 11
215, 13,   420036.19161,  5343121.03853, 11
214, 13,   419909.08966,  5344107.15003, 11
213, 13,   419992.08495,  5345099.90127, 11
212, 13,   420392.44475,  5345984.51172, 11
211, 13,   421171.43066,  5346553.43244, 11
210, 13,   422114.56021,  5346887.89738, 11
209, 13,   422996.53573,  5347336.79479, 11
208, 13,   423647.90480,  5348064.64855, 11
207, 13,   423986.72076,  5348992.83902, 11
206, 13,   424049.63378,  5349983.71458, 11
205, 13,   424006.43256,  5350983.46143, 11
204, 13,   423958.23871,  5351982.86734, 11
203, 13,   423966.62538,  5352980.38233, 11
202, 13,   424096.26982,  5353972.02296, 11
201, 13,   424285.25710,  5354954.69479, 11
200, 13,   424715.78246,  5355823.65521, 11
199, 13,   425449.05180,  5356494.26733, 11
198, 13,   426211.60665,  5357137.59717, 11
197, 13,   426885.64452,  5357875.79187, 11
196, 13,   427452.85188,  5358696.04567, 11
195, 13,   427873.11034,  5359600.43679, 11
317, 14,   364133.49063,  5309439.21597, 11
316, 14,   364696.27271,  5308669.92246, 11
315, 14,   365584.59917,  5308247.14476, 11
314, 14,   366566.22163,  5308169.23368, 11
313, 14,   367550.12307,  5308338.93374, 11
312, 14,   368524.41558,  5308567.87637, 11
311, 14,   369494.90963,  5308811.34321, 11
310, 14,   370453.57678,  5309098.25336, 11
309, 14,   371417.21148,  5309365.77342, 11
308, 14,   372392.67309,  5309589.85016, 11
307, 14,   373372.32288,  5309794.35371, 11
306, 14,   374318.73048,  5309681.00109, 11
305, 14,   374964.77778,  5309010.18674, 11
304, 14,   375280.35917,  5308062.94413, 11
303, 14,   375586.65183,  5307111.97433, 11
302, 14,   376120.87696,  5306290.48074, 11
301, 14,   376907.88170,  5305686.95951, 11
300, 14,   377797.41988,  5305230.39032, 11
299, 14,   378738.65967,  5304903.56513, 11
298, 14,   379696.77556,  5304618.48196, 11
297, 14,   380590.23632,  5304182.24961, 11
296, 14,   381468.88076,  5303708.83607, 11
295, 14,   382425.82370,  5303480.52690, 11
294, 14,   383384.46299,  5303655.75888, 11
293, 14,   384014.86771,  5304325.70405, 11
292, 14,   384266.19669,  5305289.85176, 11
291, 14,   384568.09528,  5306232.32030, 11
290, 14,   385159.55505,  5307018.47564, 11
289, 14,   386003.75529,  5307514.01040, 11
288, 14,   386964.85612,  5307553.24162, 11
287, 14,   387897.40390,  5307208.38593, 11
286, 14,   388790.11750,  5306755.81197, 11
285, 14,   389706.71052,  5306358.29967, 11
284, 14,   390675.81786,  5306147.47916, 11
283, 14,   391675.09984,  5306113.28679, 11
282, 14,   392670.27156,  5306193.86849, 11
281, 14,   393652.20306,  5306383.52438, 11
280, 14,   394638.61582,  5306463.39682, 11
279, 14,   395600.87082,  5306238.89941, 11
278, 14,   396409.22481,  5305686.81919, 11
277, 14,   396977.44922,  5304876.56569, 11
276, 14,   397270.95466,  5303933.06775, 11
334, 15,   417679.17715,  5395740.08026, 11
333, 15,   417722.64199,  5396204.05188, 11
332, 15,   417888.34889,  5396672.49865, 11
331, 15,   417887.56862,  5397162.44189, 11
330, 15,   417766.95561,  5397648.59805, 11
329, 15,   417629.34424,  5398130.44666, 11
328, 15,   417521.10174,  5398618.65288, 11
327, 15,   417578.12960,  5399098.02405, 11
326, 15,   417620.37763,  5399574.65708, 11
325, 15,   417569.87120,  5400070.09237, 11
324, 15,   417544.07758,  5400569.59660, 11
323, 15,   417417.47116,  5401049.02244, 11
322, 15,   417230.15160,  5401513.70749, 11
321, 15,   417311.93070,  5401931.25542, 11
320, 15,   417634.35760,  5402314.05414, 11
340, 16,   420247.98278,  5385834.02392, 11
339, 16,   420550.64890,  5385319.33684, 11
338, 16,   420894.57808,  5384828.91486, 11
337, 16,   421220.93537,  5384327.06571, 11
346, 17,   419212.37805,  5380343.37454, 11
345, 17,   419630.59898,  5380314.38586, 11
344, 17,   420044.76086,  5380250.00956, 11
343, 17,   420431.30751,  5380314.69136, 11
360, 18,   430214.99653,  5297137.86910, 11
359, 18,   430455.11845,  5297067.72683, 11
358, 18,   430689.01600,  5296975.87360, 11
357, 18,   430928.55350,  5296901.98494, 11
356, 18,   431165.16126,  5296821.15139, 11
355, 18,   431383.16569,  5296698.00274, 11
354, 18,   431610.94563,  5296647.25715, 11
353, 18,   431854.20499,  5296706.99213, 11
352, 18,   432087.60541,  5296799.07947, 11
351, 18,   432301.73403,  5296927.66640, 11
350, 18,   432490.94973,  5297092.21931, 11
349, 18,   432669.45440,  5297269.08859, 11
374, 19,   427447.29712,  5297965.86130, 11
373, 19,   427688.06696,  5297997.53395, 11
372, 19,   427938.21313,  5297976.42081, 11
371, 19,   428187.39450,  5297949.10062, 11
370, 19,   428431.09020,  5297889.66988, 11
369, 19,   428673.51207,  5297824.08806, 11
368, 19,   428919.92723,  5297775.62253, 11
367, 19,   429161.16171,  5297710.36192, 11
366, 19,   429374.50315,  5297584.15388, 11
365, 19,   429573.70814,  5297431.39182, 11
364, 19,   429792.02159,  5297309.50444, 11
363, 19,   430030.19859,  5297233.41889, 11
388, 20,   425015.53289,  5297049.41569, 11
387, 20,   425056.79496,  5297297.21529, 11
386, 20,   425123.60753,  5297538.62669, 11
385, 20,   425217.92398,  5297771.37923, 11
384, 20,   425320.39010,  5298000.82934, 11
383, 20,   425430.75495,  5298226.41511, 11
382, 20,   425555.55978,  5298444.39126, 11
381, 20,   425694.23697,  5298653.76645, 11
380, 20,   425831.83975,  5298863.79301, 11
379, 20,   425974.46215,  5299070.04309, 11
378, 20,   426145.20332,  5299253.32112, 11
377, 20,   426337.11790,  5299415.22996, 11
402, 21,   423516.65115,  5294747.52433, 11
401, 21,   423750.11416,  5294838.28999, 11
400, 21,   423958.42641,  5294975.00681, 11
399, 21,   424159.37216,  5295124.86859, 11
398, 21,   424380.78648,  5295241.77549, 11
397, 21,   424618.78764,  5295319.53774, 11
396, 21,   424863.41457,  5295377.02102, 11
395, 21,   425108.04150,  5295434.50431, 11
394, 21,   425349.98035,  5295501.67031, 11
393, 21,   425562.32312,  5295624.88944, 11
392, 21,   425702.80927,  5295825.89441, 11
391, 21,   425764.37114,  5296066.99021, 11
416, 22,   420670.24706,  5294023.37657, 11
415, 22,   420800.98716,  5293810.89426, 11
414, 22,   420997.22946,  5293669.54601, 11
413, 22,   421239.14190,  5293605.39834, 11
412, 22,   421476.17275,  5293529.67894, 11
411, 22,   421700.84556,  5293417.18636, 11
410, 22,   421936.58726,  5293340.57768, 11
409, 22,   422185.96376,  5293333.29291, 11
408, 22,   422436.21865,  5293356.07778, 11
407, 22,   422686.35337,  5293380.11333, 11
406, 22,   422936.09005,  5293407.89701, 11
405, 22,   423184.18446,  5293446.86499, 11
544, 23,   412658.01409,  5305943.58557, 11
543, 23,   412879.04870,  5306057.48017, 11
542, 23,   413114.98778,  5306143.81763, 11
541, 23,   413348.73875,  5306236.04326, 11
540, 23,   413563.80477,  5306360.84264, 11
539, 23,   413690.87011,  5306561.28114, 11
538, 23,   413727.04853,  5306809.03635, 11
537, 23,   413778.84420,  5307052.04601, 11
536, 23,   413851.74993,  5307291.97307, 11
535, 23,   413971.39723,  5307500.94141, 11
534, 23,   414173.80053,  5307645.68241, 11
533, 23,   414385.92030,  5307778.90622, 11
532, 23,   414585.06094,  5307932.12326, 11
531, 23,   414781.90315,  5308088.32762, 11
530, 23,   414986.05087,  5308234.31609, 11
529, 23,   415200.76488,  5308364.71969, 11
528, 23,   415418.73965,  5308489.75433, 11
527, 23,   415636.71442,  5308614.78896, 11
526, 23,   415850.74429,  5308746.24641, 11
525, 23,   416058.71409,  5308887.24647, 11
524, 23,   416264.56873,  5309031.36631, 11
523, 23,   416470.42337,  5309175.48614, 11
522, 23,   416679.75087,  5309314.37170, 11
521, 23,   416891.87768,  5309449.08362, 11
520, 23,   417077.58201,  5309613.87311, 11
519, 23,   417230.56388,  5309813.03607, 11
518, 23,   417406.49536,  5309987.35574, 11
517, 23,   417634.75294,  5310068.30343, 11
516, 23,   417885.21064,  5310088.58364, 11
515, 23,   418131.06220,  5310134.79493, 11
514, 23,   418282.87139,  5310291.35279, 11
513, 23,   418328.99769,  5310537.83322, 11
512, 23,   418423.04363,  5310760.27278, 11
511, 23,   418615.14145,  5310912.71222, 11
510, 23,   418852.05139,  5310988.80907, 11
509, 23,   419100.59764,  5311025.30515, 11
508, 23,   419350.05648,  5311055.58628, 11
507, 23,   419599.51533,  5311085.86741, 11
506, 23,   419849.65761,  5311108.64202, 11
505, 23,   420100.61093,  5311121.40051, 11
504, 23,   420351.63431,  5311132.90451, 11
503, 23,   420602.24469,  5311150.67651, 11
502, 23,   420846.60731,  5311201.68762, 11
501, 23,   421091.25534,  5311248.94034, 11
500, 23,   421342.29003,  5311254.16170, 11
499, 23,   421593.16297,  5311241.80788, 11
498, 23,   421837.71219,  5311192.43804, 11
497, 23,   422066.71511,  5311091.75966, 11
496, 23,   422278.73777,  5310957.58728, 11
495, 23,   422467.76010,  5310793.73054, 11
494, 23,   422625.57415,  5310599.21033, 11
493, 23,   422753.76497,  5310383.69385, 11
492, 23,   422855.29494,  5310154.24341, 11
491, 23,   422939.45730,  5309917.51973, 11
490, 23,   423004.32884,  5309675.21561, 11
489, 23,   423050.94086,  5309428.31528, 11
488, 23,   423107.30998,  5309183.81915, 11
487, 23,   423199.30621,  5308951.19248, 11
486, 23,   423323.29781,  5308732.91523, 11
485, 23,   423464.39287,  5308525.16172, 11
484, 23,   423621.57630,  5308329.42657, 11
483, 23,   423782.75556,  5308136.73914, 11
482, 23,   423933.07797,  5307935.51037, 11
481, 23,   424072.13020,  5307726.29354, 11
480, 23,   424197.23823,  5307508.59269, 11
479, 23,   424307.99546,  5307283.11533, 11
478, 23,   424411.97074,  5307054.34859, 11
477, 23,   424531.35693,  5306834.03276, 11
476, 23,   424674.52244,  5306627.70057, 11
475, 23,   424829.84943,  5306430.26519, 11
474, 23,   424990.11332,  5306236.71379, 11
473, 23,   425145.44031,  5306039.27841, 11
472, 23,   425281.04830,  5305828.45094, 11
471, 23,   425392.87698,  5305603.63985, 11
470, 23,   425502.49036,  5305377.64261, 11
469, 23,   425626.53159,  5305159.27799, 11
468, 23,   425761.39894,  5304947.27975, 11
467, 23,   425918.03219,  5304752.22976, 11
466, 23,   426110.10084,  5304592.34649, 11
465, 23,   426328.28012,  5304469.09907, 11
464, 23,   426556.76605,  5304364.53078, 11
463, 23,   426775.99104,  5304243.56829, 11
462, 23,   426980.53469,  5304097.78851, 11
461, 23,   427161.71484,  5303925.85999, 11
460, 23,   427288.43221,  5303712.82068, 11
459, 23,   427361.66862,  5303473.17813, 11
458, 23,   427418.12237,  5303228.31478, 11
457, 23,   427500.65955,  5302992.43211, 11
456, 23,   427613.66598,  5302768.07358, 11
455, 23,   427735.57836,  5302548.36963, 11
454, 23,   427865.09282,  5302333.08515, 11
453, 23,   428001.02697,  5302121.75068, 11
452, 23,   428135.89431,  5301909.75244, 11
451, 23,   428252.00461,  5301687.59002, 11
450, 23,   428335.97766,  5301451.39883, 11
449, 23,   428399.74445,  5301208.36334, 11
448, 23,   428464.71993,  5300965.67096, 11
447, 23,   428530.91385,  5300723.28528, 11
446, 23,   428588.58039,  5300478.75312, 11
445, 23,   428620.19244,  5300230.37397, 11
444, 23,   428596.96753,  5299982.45586, 11
443, 23,   428553.67566,  5299735.30884, 11
442, 23,   428537.77679,  5299484.90305, 11
441, 23,   428534.40780,  5299233.63878, 11
440, 23,   428576.54387,  5298990.49496, 11
439, 23,   428735.24128,  5298820.68810, 11
438, 23,   428973.34064,  5298747.24305, 11
437, 23,   429222.80916,  5298728.69754, 11
436, 23,   429456.24521,  5298666.79755, 11
435, 23,   429664.90247,  5298527.33046, 11
434, 23,   429882.46066,  5298405.86476, 11
433, 23,   430122.34010,  5298334.48967, 11
432, 23,   430312.41077,  5298203.27902, 11
431, 23,   430321.47849,  5297985.39334, 11
430, 23,   430245.05758,  5297749.59070, 11
429, 23,   430262.59952,  5297504.98565, 11
428, 23,   430369.82930,  5297281.05832, 11
427, 23,   430532.07982,  5297090.98519, 11
426, 23,   430701.40129,  5296906.13935, 11
425, 23,   430862.58055,  5296713.45192, 11
424, 23,   431018.74622,  5296516.98001, 11
423, 23,   431146.74453,  5296301.78717, 11
422, 23,   431254.13545,  5296074.61425, 11
421, 23,   431376.76520,  5295856.19876, 11
420, 23,   431515.85916,  5295646.91915, 11
419, 23,   431639.71430,  5295428.88213, 11
554, 24,   399275.68783,  5296502.21663, 11
553, 24,   399806.33340,  5296492.02504, 11
552, 24,   400293.32724,  5296370.67750, 11
551, 24,   400780.01186,  5296251.98832, 11
550, 24,   401313.30606,  5296287.12784, 11
549, 24,   401809.19296,  5296150.31222, 11
548, 24,   402220.20408,  5295815.07611, 11
547, 24,   402598.90983,  5295437.27404, 11
582, 25,   375358.42924,  5319462.95037, 11
581, 25,   375140.33669,  5319928.39770, 11
580, 25,   374988.78597,  5320412.84876, 11
579, 25,   374920.51169,  5320922.43973, 11
578, 25,   374909.46746,  5321433.83935, 11
577, 25,   375027.75306,  5321927.88235, 11
576, 25,   375272.76942,  5322376.38179, 11
575, 25,   375498.47105,  5322831.93166, 11
574, 25,   375579.46786,  5323333.83447, 11
573, 25,   375588.46512,  5323847.91126, 11
572, 25,   375625.66778,  5324360.15212, 11
571, 25,   375699.93824,  5324868.76737, 11
570, 25,   375833.99690,  5325362.75144, 11
569, 25,   376090.18002,  5325799.98592, 11
568, 25,   376405.17414,  5326205.85130, 11
567, 25,   376657.02603,  5326650.86524, 11
566, 25,   376792.82950,  5327141.55892, 11
565, 25,   376769.25404,  5327647.18320, 11
564, 25,   376708.96195,  5328154.95445, 11
563, 25,   376783.99829,  5328656.84777, 11
562, 25,   376930.99694,  5329149.44946, 11
561, 25,   377009.85025,  5329654.09985, 11
560, 25,   377113.09681,  5330150.66657, 11
559, 25,   377134.22918,  5330637.19930, 11
558, 25,   376931.72473,  5331105.44432, 11
557, 25,   376731.69233,  5331574.39533, 11
