TITLE = "PARTICLE INFO for Branch     1"
VARIABLES = "X", "Z", "FSIZE", "FAGE", "WATER", "ISEG", "K"
ZONE T="JDAY   4384.00", I=      1, F=POINT
           0.01      0.01     0.00     0.00  -1   0   0
TEXT X=47, Y=90, F=HELV-BOLD, HU=FRAME, AN=MIDCENTER,C=RED, H=2.5, T="   January  1, 2012     12am    (JDAY4384.000)", ZN=     1
TEXT X=30.0, Y=21.0, F=HELV-BOLD, HU=FRAME,AN=MIDRIGHT, C=BLACK, H=2.1, T="     0", ZN=     1
TEXT X=25.0, Y=25.0, F=HELV-BOLD, HU=FRAME,AN=MIDCENTER, C=BLACK, H=2.1, T="# of Particles"
  
ZONE T="JDAY   4385.00", I=    321, F=POINT
           0.01      0.01     0.00     0.00  -1   0   0
       28428.43    294.03     0.00     0.50   1  58 103
       27089.13    295.44     0.00     0.50   1  55 103
       27052.05    294.83     0.00     0.50   1  55 103
       27995.90    294.37     0.00     0.50   1  57 103
       27968.78    295.12     0.00     0.50   1  57 103
       27472.43    295.90     0.00     0.50   1  56 103
       28357.20    295.81     0.00     0.50   1  58 103
       28191.15    294.44     0.00     0.50   1  58 103
       27412.01    295.05     0.00     0.50   1  56 103
       27342.12    294.43     0.00     0.50   1  56 103
       28849.53    295.73     0.00     0.50   1  59 103
       27215.39    295.04     0.00     0.50   1  56 103
       27161.79    295.37     0.00     0.50   1  55 103
       28602.25    295.38     0.00     0.50   1  58 103
       28015.96    299.01     0.00     0.50   1  57 101
       28588.16    295.89     0.00     0.50   1  58 103
       28247.97    295.22     0.00     0.50   1  58 103
       28870.26    295.19     0.00     0.50   1  59 103
       28191.82    295.26     0.00     0.50   1  58 103
       28700.21    294.45     0.00     0.50   1  59 103
       28566.83    294.35     0.00     0.50   1  58 103
       29553.24    294.68     0.00     0.50   1  60 103
       29552.85    294.92     0.00     0.50   1  60 103
       28772.55    295.32     0.00     0.50   1  59 103
       28690.11    295.30     0.00     0.50   1  58 103
       28811.98    294.34     0.00     0.50   1  59 103
       28666.82    295.43     0.00     0.50   1  58 103
       28984.53    295.21     0.00     0.50   1  59 103
       30087.74    272.01     0.00     0.50   1  61 114
       30055.87    262.17     0.00     0.50   1  61 119
       29126.53    295.46     0.00     0.50   1  59 103
       29225.41    295.96     0.00     0.50   1  60 103
       30135.89    269.42     0.00     0.50   1  61 116
       30082.79    278.66     0.00     0.50   1  61 111
       30228.33    282.84     0.00     0.50   1  62 109
       28541.12    295.28     0.00     0.50   1  58 103
       30093.17    271.87     0.00     0.50   1  61 115
       29160.59    294.35     0.00     0.50   1  59 103
       30045.15    254.78     0.00     0.50   1  61 123
       30286.79    279.92     0.00     0.50   1  62 111
       29061.13    295.97     0.00     0.50   1  59 103
       29045.39    295.19     0.00     0.50   1  59 103
       30266.95    275.49     0.00     0.50   1  62 113
       29478.63    295.71     0.00     0.50   1  60 103
       30297.68    282.92     0.00     0.50   1  62 109
       30096.55    254.00     0.00     0.50   1  61 124
       30245.44    274.44     0.00     0.50   1  62 113
       30250.92    273.60     0.00     0.50   1  62 114
       30155.85    258.43     0.00     0.50   1  61 121
       30292.91    278.39     0.00     0.50   1  62 111
       30081.00    281.93     0.00     0.50   1  61 110
       29794.19    293.98     0.00     0.50   1  61 104
       30190.08    268.81     0.00     0.50   1  61 116
       30246.17    274.39     0.00     0.50   1  62 113
       29720.56    295.71     0.00     0.50   1  61 103
       30238.12    275.70     0.00     0.50   1  62 113
       30102.81    256.71     0.00     0.50   1  61 122
       29413.32    295.83     0.00     0.50   1  60 103
       30239.50    276.00     0.00     0.50   1  62 113
       30210.10    270.99     0.00     0.50   1  62 115
       30096.38    257.26     0.00     0.50   1  61 122
       30265.34    282.85     0.00     0.50   1  62 109
       30105.27    258.67     0.00     0.50   1  61 121
       30125.52    262.56     0.00     0.50   1  61 119
       30131.61    262.51     0.00     0.50   1  61 119
       30237.99    283.72     0.00     0.50   1  62 109
       29619.09    295.24     0.00     0.50   1  60 103
       30225.02    283.43     0.00     0.50   1  62 109
       30143.52    262.89     0.00     0.50   1  61 119
       30089.71    262.72     0.00     0.50   1  61 119
       30241.79    282.32     0.00     0.50   1  62 109
       30118.78    262.47     0.00     0.50   1  61 119
       30164.72    269.48     0.00     0.50   1  61 116
       30040.28    258.34     0.00     0.50   1  61 121
       30066.36    261.83     0.00     0.50   1  61 120
       30061.58    259.23     0.00     0.50   1  61 121
       29669.14    295.03     0.00     0.50   1  60 103
       29813.41    294.31     0.00     0.50   1  61 103
       30034.48    255.11     0.00     0.50   1  61 123
       30219.99    282.74     0.00     0.50   1  62 109
       30166.26    279.31     0.00     0.50   1  61 111
       30142.59    271.00     0.00     0.50   1  61 115
       30155.55    287.84     0.00     0.50   1  61 107
       30179.22    278.23     0.00     0.50   1  61 111
       30006.56    293.61     0.00     0.50   1  61 104
       30019.50    256.17     0.00     0.50   1  61 122
       30183.19    282.61     0.00     0.50   1  61 109
       30023.68    258.09     0.00     0.50   1  61 121
       29909.40    244.09     0.00     0.50   1  61 128
       29925.05    244.67     0.00     0.50   1  61 128
       30140.49    276.95     0.00     0.50   1  61 112
       29949.36    248.18     0.00     0.50   1  61 126
       29926.62    244.40     0.00     0.50   1  61 128
       29900.85    243.37     0.00     0.50   1  61 129
       30181.28    283.09     0.00     0.50   1  61 109
       30075.14    269.42     0.00     0.50   1  61 116
       29906.38    243.93     0.00     0.50   1  61 129
       29899.37    242.96     0.00     0.50   1  61 129
       29906.74    244.71     0.00     0.50   1  61 128
       29888.01    244.46     0.00     0.50   1  61 128
       29930.74    251.43     0.00     0.50   1  61 125
       29889.56    244.68     0.00     0.50   1  61 128
       29889.27    244.80     0.00     0.50   1  61 128
       29888.49    244.47     0.00     0.50   1  61 128
       29954.01    254.02     0.00     0.50   1  61 123
       27759.42    295.38     0.00     0.50   1  57 103
       27713.31    295.13     0.00     0.50   1  57 103
       27813.03    295.47     0.00     0.50   1  57 103
       27744.67    295.31     0.00     0.50   1  57 103
       27742.75    295.25     0.00     0.50   1  57 103
       27897.99    294.89     0.00     0.50   1  57 103
       28412.81    295.70     0.00     0.50   1  58 103
       27812.78    295.15     0.00     0.50   1  57 103
       28762.88    294.74     0.00     0.50   1  59 103
       29129.51    295.89     0.00     0.50   1  59 103
       27840.05    295.49     0.00     0.50   1  57 103
       28047.57    295.50     0.00     0.50   1  57 103
       28591.42    294.97     0.00     0.50   1  58 103
       27763.42    293.99     0.00     0.50   1  57 104
       28090.13    295.80     0.00     0.50   1  57 103
       28562.54    295.65     0.00     0.50   1  58 103
       28119.93    295.55     0.00     0.50   1  57 103
       29491.86    295.21     0.00     0.50   1  60 103
       30252.34    289.92     0.00     0.50   1  62 106
       29491.27    295.66     0.00     0.50   1  60 103
       29187.51    295.55     0.00     0.50   1  59 103
       29631.64    295.39     0.00     0.50   1  60 103
       30447.82    281.90     0.00     0.50   1  62 110
       30000.29    298.92     0.00     0.50   1  61 101
       29723.08    294.99     0.00     0.50   1  61 103
       30049.02    295.45     0.00     0.50   1  61 103
       29813.21    295.05     0.00     0.50   1  61 103
       30142.94    294.87     0.00     0.50   1  61 103
       30426.97    288.96     0.00     0.50   1  62 106
       30443.31    295.31     0.00     0.50   1  62 103
       30431.89    297.01     0.00     0.50   1  62 102
       30233.84    294.52     0.00     0.50   1  62 103
       30498.53    290.16     0.00     0.50   1  62 105
       30452.00    288.25     0.00     0.50   1  62 106
       30456.25    288.17     0.00     0.50   1  62 106
       30789.72    279.18     0.00     0.50   1  63 111
       30429.84    291.74     0.00     0.50   1  62 105
       30786.90    299.62     0.00     0.50   1  63 101
       30590.01    296.01     0.00     0.50   1  62 102
       30802.67    277.07     0.00     0.50   1  63 112
       30797.54    290.50     0.00     0.50   1  63 105
       30804.84    278.57     0.00     0.50   1  63 111
       30706.91    294.79     0.00     0.50   1  63 103
       30578.27    289.78     0.00     0.50   1  62 106
       30579.08    291.90     0.00     0.50   1  62 105
       30788.59    291.33     0.00     0.50   1  63 105
       30792.87    282.34     0.00     0.50   1  63 109
       30792.25    289.38     0.00     0.50   1  63 106
       30785.77    280.34     0.00     0.50   1  63 110
       30786.83    274.56     0.00     0.50   1  63 113
       30790.04    273.91     0.00     0.50   1  63 114
       30768.46    276.40     0.00     0.50   1  63 112
       30777.87    292.14     0.00     0.50   1  63 104
       30778.12    273.17     0.00     0.50   1  63 114
       30775.91    277.16     0.00     0.50   1  63 112
       30776.22    275.85     0.00     0.50   1  63 113
       30758.39    274.90     0.00     0.50   1  63 113
       30733.99    274.41     0.00     0.50   1  63 113
       30731.95    282.02     0.00     0.50   1  63 109
       30746.52    274.99     0.00     0.50   1  63 113
       30723.04    276.44     0.00     0.50   1  63 112
       30709.77    283.08     0.00     0.50   1  63 109
       30714.74    275.37     0.00     0.50   1  63 113
       30718.09    265.86     0.00     0.50   1  63 118
       30707.03    272.37     0.00     0.50   1  63 114
       30703.33    273.65     0.00     0.50   1  62 114
       30665.58    273.10     0.00     0.50   1  62 114
       30686.26    272.25     0.00     0.50   1  62 114
       30677.71    272.09     0.00     0.50   1  62 114
       30668.77    271.58     0.00     0.50   1  62 115
       30664.75    270.76     0.00     0.50   1  62 115
       30669.49    270.49     0.00     0.50   1  62 115
       30657.68    268.98     0.00     0.50   1  62 116
       30644.06    268.94     0.00     0.50   1  62 116
       30632.21    268.61     0.00     0.50   1  62 116
       30623.81    268.12     0.00     0.50   1  62 116
       30617.44    267.34     0.00     0.50   1  62 117
       30611.95    267.01     0.00     0.50   1  62 117
       30610.87    266.66     0.00     0.50   1  62 117
       30601.83    265.94     0.00     0.50   1  62 118
       30584.95    265.54     0.00     0.50   1  62 118
       30585.40    264.68     0.00     0.50   1  62 118
       30582.14    264.35     0.00     0.50   1  62 118
       30569.45    263.94     0.00     0.50   1  62 119
       30567.59    263.20     0.00     0.50   1  62 119
       30545.86    262.75     0.00     0.50   1  62 119
       30539.73    262.40     0.00     0.50   1  62 119
       30543.15    261.30     0.00     0.50   1  62 120
       30536.26    261.07     0.00     0.50   1  62 120
       30532.12    260.34     0.00     0.50   1  62 120
       30522.14    260.11     0.00     0.50   1  62 120
       30518.27    259.46     0.00     0.50   1  62 121
       30512.20    259.00     0.00     0.50   1  62 121
       30491.39    258.22     0.00     0.50   1  62 121
       30489.12    257.89     0.00     0.50   1  62 122
       30480.58    257.66     0.00     0.50   1  62 122
       30477.27    257.02     0.00     0.50   1  62 122
       30454.61    256.35     0.00     0.50   1  62 122
       30460.43    255.68     0.00     0.50   1  62 123
       30455.44    255.25     0.00     0.50   1  62 123
       30452.50    254.67     0.00     0.50   1  62 123
       30447.73    253.97     0.00     0.50   1  62 124
       30442.43    253.50     0.00     0.50   1  62 124
       30432.29    253.15     0.00     0.50   1  62 124
       30423.81    252.43     0.00     0.50   1  62 124
       29447.96    295.77     0.00     0.50   1  60 103
       28502.72    294.70     0.00     0.50   1  58 103
       28866.73    294.90     0.00     0.50   1  59 103
       29029.41    294.39     0.00     0.50   1  59 103
       29235.65    295.80     0.00     0.50   1  60 103
       28646.36    295.45     0.00     0.50   1  58 103
       28495.21    295.94     0.00     0.50   1  58 103
       28481.33    295.42     0.00     0.50   1  58 103
       28703.68    295.62     0.00     0.50   1  59 103
       28994.68    295.90     0.00     0.50   1  59 103
       30423.02    291.57     0.00     0.50   1  62 105
       28491.84    295.33     0.00     0.50   1  58 103
       28379.73    295.93     0.00     0.50   1  58 103
       29743.90    294.48     0.00     0.50   1  61 103
       29154.18    295.84     0.00     0.50   1  59 103
       29617.08    294.31     0.00     0.50   1  60 103
       29822.59    294.42     0.00     0.50   1  61 103
       29654.57    295.71     0.00     0.50   1  60 103
       29701.99    295.14     0.00     0.50   1  61 103
       29718.68    295.45     0.00     0.50   1  61 103
       29664.72    295.23     0.00     0.50   1  60 103
       29959.64    294.61     0.00     0.50   1  61 103
       30885.66    255.84     0.00     0.50   1  63 123
       30844.65    248.38     0.00     0.50   1  63 126
       30060.77    294.29     0.00     0.50   1  61 103
       30161.50    293.94     0.00     0.50   1  61 104
       30288.53    290.99     0.00     0.50   1  62 105
       30229.98    289.06     0.00     0.50   1  62 106
       30960.72    290.69     0.00     0.50   1  63 105
       30658.93    289.77     0.00     0.50   1  62 106
       30064.19    293.99     0.00     0.50   1  61 104
       30289.79    289.86     0.00     0.50   1  62 106
       31014.11    277.80     0.00     0.50   1  63 112
       30389.75    288.14     0.00     0.50   1  62 106
       31035.14    288.13     0.00     0.50   1  63 106
       30968.04    258.43     0.00     0.50   1  63 121
       30992.73    283.33     0.00     0.50   1  63 109
       30989.83    263.95     0.00     0.50   1  63 119
       30952.54    256.88     0.00     0.50   1  63 122
       30169.35    294.98     0.00     0.50   1  61 103
       30961.50    260.29     0.00     0.50   1  63 120
       30496.23    295.07     0.00     0.50   1  62 103
       30633.51    294.47     0.00     0.50   1  62 103
       30650.23    292.45     0.00     0.50   1  62 104
       30959.50    295.17     0.00     0.50   1  63 103
       31009.18    293.06     0.00     0.50   1  63 104
       31032.88    266.71     0.00     0.50   1  63 117
       30292.52    288.85     0.00     0.50   1  62 106
       30440.85    295.42     0.00     0.50   1  62 103
       30996.69    299.00     0.00     0.50   1  63 101
       31032.79    271.27     0.00     0.50   1  63 115
       31060.73    294.63     0.00     0.50   1  63 103
       30917.57    249.50     0.00     0.50   1  63 126
       31013.86    292.90     0.00     0.50   1  63 104
       30655.04    289.04     0.00     0.50   1  62 106
       30618.75    290.51     0.00     0.50   1  62 105
       30958.35    271.79     0.00     0.50   1  63 115
       31009.74    267.19     0.00     0.50   1  63 117
       31002.71    266.72     0.00     0.50   1  63 117
       31054.74    281.98     0.00     0.50   1  63 110
       31002.20    299.00     0.00     0.50   1  63 101
       30938.19    254.64     0.00     0.50   1  63 123
       30852.50    235.68     0.00     0.50   1  63 133
       31053.47    283.35     0.00     0.50   1  63 109
       30999.66    293.82     0.00     0.50   1  63 104
       30967.22    262.09     0.00     0.50   1  63 119
       30871.67    242.62     0.00     0.50   1  63 129
       30980.86    267.21     0.00     0.50   1  63 117
       30926.73    253.64     0.00     0.50   1  63 124
       30916.81    255.86     0.00     0.50   1  63 123
       30991.81    270.53     0.00     0.50   1  63 115
       30820.76    233.01     0.00     0.50   1  63 134
       30977.61    268.25     0.00     0.50   1  63 116
       30945.10    262.53     0.00     0.50   1  63 119
       30930.93    255.91     0.00     0.50   1  63 123
       30955.49    269.47     0.00     0.50   1  63 116
       30914.56    258.02     0.00     0.50   1  63 121
       30991.09    266.42     0.00     0.50   1  63 117
       30881.16    250.38     0.00     0.50   1  63 125
       31036.68    269.97     0.00     0.50   1  63 116
       30878.18    250.59     0.00     0.50   1  63 125
       30869.12    250.74     0.00     0.50   1  63 125
       30897.83    258.93     0.00     0.50   1  63 121
       30825.67    238.46     0.00     0.50   1  63 131
       30759.25    224.86     0.00     0.50   1  63 138
       30877.44    252.80     0.00     0.50   1  63 124
       30813.18    239.36     0.00     0.50   1  63 131
       30839.85    243.02     0.00     0.50   1  63 129
       30846.53    246.07     0.00     0.50   1  63 127
       30949.97    270.79     0.00     0.50   1  63 115
       30806.88    237.45     0.00     0.50   1  63 132
       30836.42    247.13     0.00     0.50   1  63 127
       30753.95    224.86     0.00     0.50   1  63 138
       30741.31    224.24     0.00     0.50   1  63 138
       30931.02    267.04     0.00     0.50   1  63 117
       30849.91    251.08     0.00     0.50   1  63 125
       30848.40    249.22     0.00     0.50   1  63 126
       30762.94    232.05     0.00     0.50   1  63 134
       30803.93    239.34     0.00     0.50   1  63 131
       30724.01    219.95     0.00     0.50   1  63 141
       30545.33    184.76     0.00     0.50   1  62 158
       30739.06    231.26     0.00     0.50   1  63 135
       30817.14    243.38     0.00     0.50   1  63 129
       30753.24    225.07     0.00     0.50   1  63 138
       30747.10    225.90     0.00     0.50   1  63 138
       28992.64    155.69     0.00     0.50   1  59 173
       29166.05    153.15     0.00     0.50   1  59 174
       29185.94    153.16     0.00     0.50   1  59 174
       29049.74    154.48     0.00     0.50   1  59 173
       29009.16    156.02     0.00     0.50   1  59 172
TEXT X=47, Y=90, F=HELV-BOLD, HU=FRAME, AN=MIDCENTER,C=RED, H=2.5, T="   January  2, 2012     12am    (JDAY4385.000)", ZN=     2
TEXT X=30.0, Y=21.0, F=HELV-BOLD, HU=FRAME,AN=MIDRIGHT, C=BLACK, H=2.1, T="   320", ZN=     2
  
ZONE T="JDAY   4386.00", I=    321, F=POINT
           0.01      0.01     0.00     0.00  -1   0   0
       26543.84    295.86     0.00     1.50   1  54 103
       23099.86    292.14     0.00     1.50   1  47 104
       24142.49    284.21     0.00     1.50   1  49 108
       27390.36    295.74     0.00     1.50   1  56 103
       24017.19    293.12     0.00     1.50   1  49 104
       23165.42    295.20     0.00     1.50   1  48 103
       27612.46    294.58     0.00     1.50   1  56 103
       24778.07    292.80     0.00     1.50   1  51 104
       23571.31    290.30     0.00     1.50   1  48 105
       22685.82    295.40     0.00     1.50   1  47 103
       27481.25    295.45     0.00     1.50   1  56 103
       23611.55    290.34     0.00     1.50   1  48 105
       23399.45    291.22     0.00     1.50   1  48 105
       27213.63    294.29     0.00     1.50   1  56 103
       24454.44    292.57     0.00     1.50   1  50 104
       27937.67    294.61     0.00     1.50   1  57 103
       28752.44    292.81     0.00     1.50   1  59 104
       27315.12    295.01     0.00     1.50   1  56 103
       24560.44    293.46     0.00     1.50   1  50 104
       28534.01    294.89     0.00     1.50   1  58 103
       28077.21    294.52     0.00     1.50   1  57 103
       31363.46    292.49     0.00     1.50   1  64 104
       30709.12    272.92     0.00     1.50   1  63 114
       28125.07    295.84     0.00     1.50   1  57 103
       29871.41    271.62     0.00     1.50   1  61 115
       27352.68    294.13     0.00     1.50   1  56 103
       28140.29    295.46     0.00     1.50   1  57 103
       29485.33    294.99     0.00     1.50   1  60 103
       28417.09    202.66     0.00     1.50   1  58 149
       30186.06    211.97     0.00     1.50   1  61 145
       27888.66    294.10     0.00     1.50   1  57 103
       28556.19    293.98     0.00     1.50   1  58 104
       29999.61    208.68     0.00     1.50   1  61 146
       29693.07    295.21     0.00     1.50   1  60 103
       29191.54    197.58     0.00     1.50   1  59 152
       26892.44    295.86     0.00     1.50   1  55 103
       31381.60    230.67     0.00     1.50   1  64 135
       27965.20    294.97     0.00     1.50   1  57 103
       27761.62    213.39     0.00     1.50   1  57 144
       31259.81    216.73     0.00     1.50   1  64 142
       30052.80    295.49     0.00     1.50   1  61 103
       30621.75    297.68     0.00     1.50   1  62 102
       29921.82    204.27     0.00     1.50   1  61 148
       30554.18    236.38     0.00     1.50   1  62 132
       29836.15    198.72     0.00     1.50   1  61 151
       27902.83    212.45     0.00     1.50   1  57 144
       31317.34    218.33     0.00     1.50   1  64 141
       31255.79    216.90     0.00     1.50   1  64 142
       28823.25    197.24     0.00     1.50   1  59 152
       28866.60    192.06     0.00     1.50   1  59 154
       30220.00    206.78     0.00     1.50   1  62 147
       30228.01    224.50     0.00     1.50   1  62 138
       29436.27    197.31     0.00     1.50   1  60 152
       31549.34    274.80     0.00     1.50   1  64 113
       30328.77    297.15     0.00     1.50   1  62 102
       29002.86    200.41     0.00     1.50   1  59 150
       28711.88    210.95     0.00     1.50   1  59 145
       30257.65    296.30     0.00     1.50   1  62 102
       31552.24    264.99     0.00     1.50   1  64 118
       27933.67    204.11     0.00     1.50   1  57 148
       29933.77    210.47     0.00     1.50   1  61 145
       29660.07    206.37     0.00     1.50   1  60 147
       29384.47    214.70     0.00     1.50   1  60 143
       30115.38    210.14     0.00     1.50   1  61 145
       28476.22    204.39     0.00     1.50   1  58 148
       31362.26    220.41     0.00     1.50   1  64 140
       30503.30    285.56     0.00     1.50   1  62 108
       30007.16    209.55     0.00     1.50   1  61 146
       28611.99    203.83     0.00     1.50   1  58 149
       31072.13    215.59     0.00     1.50   1  63 143
       31398.81    243.20     0.00     1.50   1  64 129
       31499.87    271.52     0.00     1.50   1  64 115
       31286.18    294.30     0.00     1.50   1  64 103
       29503.84    209.73     0.00     1.50   1  60 146
       27650.55    206.11     0.00     1.50   1  56 147
       28285.67    208.49     0.00     1.50   1  58 146
       31393.88    269.46     0.00     1.50   1  64 116
       31315.78    247.74     0.00     1.50   1  64 127
       28412.45    211.49     0.00     1.50   1  58 145
       27825.89    193.87     0.00     1.50   1  57 154
       31408.11    230.39     0.00     1.50   1  64 135
       28831.56    195.03     0.00     1.50   1  59 153
       30150.09    210.60     0.00     1.50   1  61 145
       30857.77    290.47     0.00     1.50   1  63 105
       28735.90    197.71     0.00     1.50   1  59 152
       28598.58    205.15     0.00     1.50   1  58 148
       28073.36    197.74     0.00     1.50   1  57 152
       28558.23    208.44     0.00     1.50   1  58 146
       28673.40    219.78     0.00     1.50   1  58 141
       30664.08    227.62     0.00     1.50   1  62 137
       30076.49    210.65     0.00     1.50   1  61 145
       29338.63    224.49     0.00     1.50   1  60 138
       29331.20    225.98     0.00     1.50   1  60 138
       29230.80    222.41     0.00     1.50   1  60 139
       31357.25    230.77     0.00     1.50   1  64 135
       31176.44    290.89     0.00     1.50   1  63 105
       28037.63    217.84     0.00     1.50   1  57 142
       28057.33    216.16     0.00     1.50   1  57 142
       29406.48    224.48     0.00     1.50   1  60 138
       29402.93    223.82     0.00     1.50   1  60 139
       29143.27    220.04     0.00     1.50   1  59 140
       29943.73    232.41     0.00     1.50   1  61 134
       29740.06    223.74     0.00     1.50   1  61 139
       29175.64    226.03     0.00     1.50   1  59 137
       29013.37    210.73     0.00     1.50   1  59 145
       23834.24    292.55     0.00     1.50   1  49 104
       23567.66    291.58     0.00     1.50   1  48 105
       24173.73    291.98     0.00     1.50   1  50 105
       23782.02    291.89     0.00     1.50   1  49 105
       23812.44    293.62     0.00     1.50   1  49 104
       23907.16    292.89     0.00     1.50   1  49 104
       27649.11    295.09     0.00     1.50   1  56 103
       24171.18    292.73     0.00     1.50   1  50 104
       28448.09    294.15     0.00     1.50   1  58 103
       30088.23    295.65     0.00     1.50   1  61 103
       23969.58    293.15     0.00     1.50   1  49 104
       25373.02    295.23     0.00     1.50   1  52 103
       27313.93    294.52     0.00     1.50   1  56 103
       23832.44    293.59     0.00     1.50   1  49 104
       23975.77    292.38     0.00     1.50   1  49 104
       27688.12    294.20     0.00     1.50   1  57 103
       24515.08    293.70     0.00     1.50   1  50 104
       30979.30    256.81     0.00     1.50   1  63 122
       29064.88    191.26     0.00     1.50   1  59 155
       30370.93    295.67     0.00     1.50   1  62 103
       31000.06    276.13     0.00     1.50   1  63 112
       31256.73    250.66     0.00     1.50   1  64 125
       29360.04    192.92     0.00     1.50   1  60 154
       31352.79    267.63     0.00     1.50   1  64 117
       30569.00    235.05     0.00     1.50   1  62 133
       29284.54    206.95     0.00     1.50   1  60 147
       29295.67    295.20     0.00     1.50   1  60 103
       30164.61    212.47     0.00     1.50   1  61 144
       29948.08    192.51     0.00     1.50   1  61 154
       31348.26    220.83     0.00     1.50   1  64 140
       29291.51    196.58     0.00     1.50   1  60 152
       30613.85    295.56     0.00     1.50   1  62 103
       29935.17    197.83     0.00     1.50   1  61 152
       31385.85    227.51     0.00     1.50   1  64 137
       31347.07    220.69     0.00     1.50   1  64 140
       28377.72    174.39     0.00     1.50   1  58 163
       29945.63    204.49     0.00     1.50   1  61 148
       31594.45    274.71     0.00     1.50   1  64 113
       29728.01    196.65     0.00     1.50   1  61 152
       31277.90    187.34     0.00     1.50   1  64 157
       29577.84    179.04     0.00     1.50   1  60 161
       28361.26    183.81     0.00     1.50   1  58 159
       29572.69    190.72     0.00     1.50   1  60 155
       28718.14    179.75     0.00     1.50   1  59 161
       31561.98    259.98     0.00     1.50   1  64 121
       29916.06    178.87     0.00     1.50   1  61 161
       29202.83    175.06     0.00     1.50   1  60 163
       30013.90    181.62     0.00     1.50   1  61 160
       31473.28    207.13     0.00     1.50   1  64 147
       27574.11    185.54     0.00     1.50   1  56 158
       29245.85    175.91     0.00     1.50   1  60 163
       31176.74    299.00     0.00     1.50   1  63 101
       31105.72    291.07     0.00     1.50   1  63 105
       29769.17    178.40     0.00     1.50   1  61 161
       31480.55    217.17     0.00     1.50   1  64 142
       29715.40    177.95     0.00     1.50   1  61 162
       30206.56    178.79     0.00     1.50   1  62 161
       29032.67    180.73     0.00     1.50   1  59 160
       28734.36    181.79     0.00     1.50   1  59 160
       31629.51    286.43     0.00     1.50   1  64 107
       29447.44    182.19     0.00     1.50   1  60 159
       29651.13    178.25     0.00     1.50   1  60 161
       28323.29    179.93     0.00     1.50   1  58 161
       31349.43    200.35     0.00     1.50   1  64 150
       29840.37    181.35     0.00     1.50   1  61 160
       30012.92    182.36     0.00     1.50   1  61 159
       31398.69    288.23     0.00     1.50   1  64 106
       29788.56    182.45     0.00     1.50   1  61 159
       28317.71    179.01     0.00     1.50   1  58 161
       27373.55    189.96     0.00     1.50   1  56 156
       28549.46    190.40     0.00     1.50   1  58 155
       29101.96    181.40     0.00     1.50   1  59 160
       28141.61    186.88     0.00     1.50   1  57 157
       28328.70    178.91     0.00     1.50   1  58 161
       29599.66    186.94     0.00     1.50   1  60 157
       30054.63    186.92     0.00     1.50   1  61 157
       31586.68    267.00     0.00     1.50   1  64 117
       28188.47    187.32     0.00     1.50   1  58 157
       28462.44    180.90     0.00     1.50   1  58 160
       27862.11    183.76     0.00     1.50   1  57 159
       28102.59    185.86     0.00     1.50   1  57 158
       28209.21    185.19     0.00     1.50   1  58 158
       31331.14    205.04     0.00     1.50   1  64 148
       28048.89    189.76     0.00     1.50   1  57 156
       27907.02    190.24     0.00     1.50   1  57 155
       31436.95    215.38     0.00     1.50   1  64 143
       29787.33    192.96     0.00     1.50   1  61 154
       27906.74    196.18     0.00     1.50   1  57 152
       29867.96    200.62     0.00     1.50   1  61 150
       29597.69    192.56     0.00     1.50   1  60 154
       27650.12    196.86     0.00     1.50   1  56 152
       27884.46    191.46     0.00     1.50   1  57 155
       27885.29    189.52     0.00     1.50   1  57 156
       28073.35    194.79     0.00     1.50   1  57 153
       27345.02    200.18     0.00     1.50   1  56 150
       27604.17    191.81     0.00     1.50   1  56 155
       27896.13    194.71     0.00     1.50   1  57 153
       29275.64    192.55     0.00     1.50   1  60 154
       28119.56    183.45     0.00     1.50   1  57 159
       27367.32    202.08     0.00     1.50   1  56 149
       28039.19    195.30     0.00     1.50   1  57 153
       29947.36    192.08     0.00     1.50   1  61 154
       27956.21    190.67     0.00     1.50   1  57 155
       29157.86    196.45     0.00     1.50   1  59 152
       27621.30    199.30     0.00     1.50   1  56 151
       30546.76    288.55     0.00     1.50   1  62 106
       26552.86    299.02     0.00     1.50   1  54 101
       27926.35    295.86     0.00     1.50   1  57 103
       30742.47    270.54     0.00     1.50   1  63 115
       28843.47    294.33     0.00     1.50   1  59 103
       28943.31    293.99     0.00     1.50   1  59 104
       29356.62    292.14     0.00     1.50   1  60 104
       25227.77    299.20     0.00     1.50   1  52 101
       27484.67    295.23     0.00     1.50   1  56 103
       28888.14    295.70     0.00     1.50   1  59 103
       31354.38    229.96     0.00     1.50   1  64 136
       29239.68    291.53     0.00     1.50   1  60 105
       29355.40    291.28     0.00     1.50   1  60 105
       30007.88    294.40     0.00     1.50   1  61 103
       28588.98    295.05     0.00     1.50   1  58 103
       30243.49    229.94     0.00     1.50   1  62 136
       30252.13    225.33     0.00     1.50   1  62 138
       30480.24    231.02     0.00     1.50   1  62 135
       31374.89    269.67     0.00     1.50   1  64 116
       30574.56    299.00     0.00     1.50   1  62 101
       31282.35    253.14     0.00     1.50   1  64 124
       30975.23    291.11     0.00     1.50   1  63 105
       27457.40    186.97     0.00     1.50   1  56 157
       27327.12    189.64     0.00     1.50   1  56 156
       29958.21    212.63     0.00     1.50   1  61 144
       30871.67    291.13     0.00     1.50   1  63 105
       29311.35    203.83     0.00     1.50   1  60 149
       29452.43    202.51     0.00     1.50   1  60 149
       31610.42    233.89     0.00     1.50   1  64 134
       28635.74    181.91     0.00     1.50   1  58 160
       30082.88    215.79     0.00     1.50   1  61 143
       30629.83    296.02     0.00     1.50   1  62 102
       28379.70    168.28     0.00     1.50   1  58 166
       31388.28    229.42     0.00     1.50   1  64 136
       28849.19    162.50     0.00     1.50   1  59 169
       31634.81    276.51     0.00     1.50   1  64 112
       28156.99    167.79     0.00     1.50   1  57 167
       31489.48    192.69     0.00     1.50   1  64 154
       27685.82    179.98     0.00     1.50   1  57 161
       31259.22    229.52     0.00     1.50   1  64 136
       28723.90    170.39     0.00     1.50   1  59 165
       28658.51    187.58     0.00     1.50   1  58 157
       29930.99    193.11     0.00     1.50   1  61 154
       31567.54    253.79     0.00     1.50   1  64 124
       29103.49    175.89     0.00     1.50   1  59 163
       29096.53    167.83     0.00     1.50   1  59 167
       29320.86    168.33     0.00     1.50   1  60 166
       31282.97    220.78     0.00     1.50   1  64 140
       29046.84    193.23     0.00     1.50   1  59 154
       29786.24    174.69     0.00     1.50   1  61 163
       28693.58    170.54     0.00     1.50   1  59 165
       28198.83    173.98     0.00     1.50   1  58 164
       28131.12    185.21     0.00     1.50   1  57 158
       31489.95    280.68     0.00     1.50   1  64 110
       28993.91    178.66     0.00     1.50   1  59 161
       29481.20    180.29     0.00     1.50   1  60 160
       31524.62    200.39     0.00     1.50   1  64 150
       28152.99    179.59     0.00     1.50   1  57 161
       27383.85    175.52     0.00     1.50   1  56 163
       31570.16    213.42     0.00     1.50   1  64 144
       29191.61    170.64     0.00     1.50   1  59 165
       27143.53    192.10     0.00     1.50   1  55 154
       27389.03    196.15     0.00     1.50   1  56 152
       27915.08    170.30     0.00     1.50   1  57 165
       28773.24    173.12     0.00     1.50   1  59 164
       27917.95    175.46     0.00     1.50   1  57 163
       29745.18    183.29     0.00     1.50   1  61 159
       29348.21    175.57     0.00     1.50   1  60 163
       28067.15    179.71     0.00     1.50   1  57 161
       27751.59    188.37     0.00     1.50   1  57 156
       27544.71    180.15     0.00     1.50   1  56 160
       27241.00    196.49     0.00     1.50   1  56 152
       29058.11    173.18     0.00     1.50   1  59 164
       28885.94    168.38     0.00     1.50   1  59 166
       27784.45    172.87     0.00     1.50   1  57 164
       31491.46    196.13     0.00     1.50   1  64 152
       28311.24    177.11     0.00     1.50   1  58 162
       31491.83    291.12     0.00     1.50   1  64 105
       28359.31    178.94     0.00     1.50   1  58 161
       27734.89    177.31     0.00     1.50   1  57 162
       29111.54    175.39     0.00     1.50   1  59 163
       28020.25    179.87     0.00     1.50   1  57 161
       27964.18    182.82     0.00     1.50   1  57 159
       29129.75    182.69     0.00     1.50   1  59 159
       27436.16    203.45     0.00     1.50   1  56 149
       28600.14    180.59     0.00     1.50   1  58 160
       28115.01    187.76     0.00     1.50   1  57 157
       27649.49    183.90     0.00     1.50   1  56 159
       27570.50    201.52     0.00     1.50   1  56 150
       30103.29    174.44     0.00     1.50   1  61 163
       27885.34    191.09     0.00     1.50   1  57 155
       27604.05    185.35     0.00     1.50   1  56 158
       27706.99    196.06     0.00     1.50   1  57 152
       27185.74    205.49     0.00     1.50   1  56 148
       27855.94    187.16     0.00     1.50   1  57 157
       28058.33    180.47     0.00     1.50   1  57 160
       27186.87    190.67     0.00     1.50   1  56 155
       27450.32    192.25     0.00     1.50   1  56 154
       27098.65    191.91     0.00     1.50   1  55 155
       27244.55    211.31     0.00     1.50   1  56 145
       27195.47    218.63     0.00     1.50   1  56 141
       27811.72    194.95     0.00     1.50   1  57 153
       27941.62    179.87     0.00     1.50   1  57 161
       27401.68    199.14     0.00     1.50   1  56 151
       27073.66    213.79     0.00     1.50   1  55 144
       27003.03    166.89     0.00     1.50   1  55 167
       27106.20    165.75     0.00     1.50   1  55 168
       27206.60    162.64     0.00     1.50   1  56 169
       27169.56    164.04     0.00     1.50   1  55 168
       27132.06    162.29     0.00     1.50   1  55 169
TEXT X=47, Y=90, F=HELV-BOLD, HU=FRAME, AN=MIDCENTER,C=RED, H=2.5, T="   January  3, 2012     12am    (JDAY4386.003)", ZN=     3
TEXT X=30.0, Y=21.0, F=HELV-BOLD, HU=FRAME,AN=MIDRIGHT, C=BLACK, H=2.1, T="   320", ZN=     3
  
ZONE T="JDAY   4387.00", I=    311, F=POINT
           0.01      0.01     0.00     0.00  -1   0   0
       25871.96    291.61     0.00     2.50   1  53 105
       23882.35    289.92     0.00     2.50   1  49 106
       26188.01    293.28     0.00     2.50   1  54 104
       22514.49    291.11     0.00     2.50   1  46 105
       26728.30    292.36     0.00     2.50   1  55 104
       25436.59    289.68     0.00     2.50   1  52 106
       27081.65    292.43     0.00     2.50   1  55 104
       26071.74    293.64     0.00     2.50   1  53 104
       24838.76    291.55     0.00     2.50   1  51 105
       26083.63    293.87     0.00     2.50   1  53 104
       29304.46    294.04     0.00     2.50   1  60 103
       26146.21    293.82     0.00     2.50   1  53 104
       24891.28    292.02     0.00     2.50   1  51 104
       27470.12    296.01     0.00     2.50   1  56 102
       27682.88    294.84     0.00     2.50   1  56 103
       29490.55    166.34     0.00     2.50   1  60 167
       28235.02    196.28     0.00     2.50   1  58 152
       27837.54    294.67     0.00     2.50   1  57 103
       30652.66    207.63     0.00     2.50   1  62 147
       26280.48    294.60     0.00     2.50   1  54 103
       26194.07    294.69     0.00     2.50   1  54 103
       30610.95    247.51     0.00     2.50   1  62 127
       25588.12    211.26     0.00     2.50   1  52 145
       26375.54    195.90     0.00     2.50   1  54 153
       27075.13    295.02     0.00     2.50   1  55 103
       26857.98    295.01     0.00     2.50   1  55 103
       26154.98    198.16     0.00     2.50   1  53 151
       30593.11    235.11     0.00     2.50   1  62 133
       25491.27    198.98     0.00     2.50   1  52 151
       25884.02    294.68     0.00     2.50   1  53 103
       27444.10    188.79     0.00     2.50   1  56 156
       27007.11    293.98     0.00     2.50   1  55 104
       26283.10    221.94     0.00     2.50   1  54 140
       27183.62    185.29     0.00     2.50   1  56 158
       30701.16    287.09     0.00     2.50   1  62 107
       31016.48    175.62     0.00     2.50   1  63 163
       26010.64    196.33     0.00     2.50   1  53 152
       27733.54    209.55     0.00     2.50   1  57 146
       25898.24    196.27     0.00     2.50   1  53 152
       26294.59    221.17     0.00     2.50   1  54 140
       27235.37    184.97     0.00     2.50   1  56 158
       27207.91    184.09     0.00     2.50   1  56 158
       25350.62    204.63     0.00     2.50   1  52 148
       25294.54    202.04     0.00     2.50   1  52 149
       26336.93    196.90     0.00     2.50   1  54 152
       26907.95    203.24     0.00     2.50   1  55 149
       25563.27    196.58     0.00     2.50   1  52 152
       28282.98    169.42     0.00     2.50   1  58 166
       30279.94    202.32     0.00     2.50   1  62 149
       25621.39    206.81     0.00     2.50   1  52 147
       26158.00    215.07     0.00     2.50   1  53 143
       29990.77    194.27     0.00     2.50   1  61 153
       28381.60    165.13     0.00     2.50   1  58 168
       25411.36    214.54     0.00     2.50   1  52 143
       26251.77    201.06     0.00     2.50   1  54 150
       25928.14    200.59     0.00     2.50   1  53 150
       26135.28    207.55     0.00     2.50   1  53 147
       26316.71    198.52     0.00     2.50   1  54 151
       25654.59    212.64     0.00     2.50   1  52 144
       27281.20    185.38     0.00     2.50   1  56 158
       28825.91    197.06     0.00     2.50   1  59 152
       26316.50    200.84     0.00     2.50   1  54 150
       25641.66    211.56     0.00     2.50   1  52 145
       27270.18    198.25     0.00     2.50   1  56 151
       27688.82    172.72     0.00     2.50   1  57 164
       27945.09    175.10     0.00     2.50   1  57 163
       30996.85    163.53     0.00     2.50   1  63 169
       26023.80    204.29     0.00     2.50   1  53 148
       25513.00    218.67     0.00     2.50   1  52 141
       25989.60    217.09     0.00     2.50   1  53 142
       27665.04    187.75     0.00     2.50   1  56 157
       27464.59    188.39     0.00     2.50   1  56 156
       26339.48    218.50     0.00     2.50   1  54 141
       25050.50    223.81     0.00     2.50   1  51 139
       27340.04    187.13     0.00     2.50   1  56 157
       25292.46    202.52     0.00     2.50   1  52 149
       26415.40    198.89     0.00     2.50   1  54 151
       28311.88    184.29     0.00     2.50   1  58 158
       25379.62    205.83     0.00     2.50   1  52 148
       25719.54    212.09     0.00     2.50   1  53 144
       25089.76    212.04     0.00     2.50   1  51 144
       25974.02    214.80     0.00     2.50   1  53 143
       26977.86    224.34     0.00     2.50   1  55 138
       27309.71    202.56     0.00     2.50   1  56 149
       26301.92    197.81     0.00     2.50   1  54 152
       26873.05    215.18     0.00     2.50   1  55 143
       27071.28    218.02     0.00     2.50   1  55 141
       26763.96    214.99     0.00     2.50   1  55 143
       27329.38    187.18     0.00     2.50   1  56 157
       31489.22    170.39     0.00     2.50   1  64 165
       26983.43    230.63     0.00     2.50   1  55 135
       26838.20    227.25     0.00     2.50   1  55 137
       26823.79    214.18     0.00     2.50   1  55 143
       26791.09    213.57     0.00     2.50   1  55 144
       26626.72    214.51     0.00     2.50   1  54 143
       27377.30    215.35     0.00     2.50   1  56 143
       26715.41    208.48     0.00     2.50   1  55 146
       27088.22    220.17     0.00     2.50   1  55 140
       26042.73    210.65     0.00     2.50   1  53 145
       24086.08    291.58     0.00     2.50   1  49 105
       21712.62    290.24     0.00     2.50   1  45 105
       26147.53    294.61     0.00     2.50   1  53 103
       23871.64    291.83     0.00     2.50   1  49 105
       27580.07    295.56     0.00     2.50   1  56 103
       30003.82    214.48     0.00     2.50   1  61 143
       21933.46    290.65     0.00     2.50   1  45 105
       25143.00    291.83     0.00     2.50   1  51 105
       26206.25    292.88     0.00     2.50   1  54 104
       21786.57    290.32     0.00     2.50   1  45 105
       21790.02    290.73     0.00     2.50   1  45 105
       27820.48    294.90     0.00     2.50   1  57 103
       24818.02    292.54     0.00     2.50   1  51 104
       28150.97    202.28     0.00     2.50   1  57 149
       25306.93    197.72     0.00     2.50   1  52 152
       31514.24    255.37     0.00     2.50   1  64 123
       28354.83    183.27     0.00     2.50   1  58 159
       27271.71    192.57     0.00     2.50   1  56 154
       25500.54    195.80     0.00     2.50   1  52 153
       27742.54    185.09     0.00     2.50   1  57 158
       27759.93    211.60     0.00     2.50   1  57 145
       25728.70    202.36     0.00     2.50   1  53 149
       29811.78    297.00     0.00     2.50   1  61 102
       26386.68    197.62     0.00     2.50   1  54 152
       25959.72    187.52     0.00     2.50   1  53 157
       27368.82    189.27     0.00     2.50   1  56 156
       25519.91    194.46     0.00     2.50   1  52 153
       30536.62    171.21     0.00     2.50   1  62 165
       25965.82    196.41     0.00     2.50   1  53 152
       27235.04    185.60     0.00     2.50   1  56 158
       27317.16    180.84     0.00     2.50   1  56 160
       24994.89    186.28     0.00     2.50   1  51 157
       26015.89    195.95     0.00     2.50   1  53 153
       29254.63    158.61     0.00     2.50   1  60 171
       25787.28    191.93     0.00     2.50   1  53 155
       27394.35    176.56     0.00     2.50   1  56 162
       25835.23    184.45     0.00     2.50   1  53 158
       24766.32    198.10     0.00     2.50   1  51 151
       25635.38    195.07     0.00     2.50   1  52 153
       24993.03    191.93     0.00     2.50   1  51 155
       28162.08    169.05     0.00     2.50   1  57 166
       26303.22    180.19     0.00     2.50   1  54 160
       25777.08    182.11     0.00     2.50   1  53 159
       26114.56    184.40     0.00     2.50   1  53 158
       28024.07    167.15     0.00     2.50   1  57 167
       25198.62    231.30     0.00     2.50   1  52 135
       25499.36    187.69     0.00     2.50   1  52 157
       28177.40    184.94     0.00     2.50   1  57 158
       28523.34    181.26     0.00     2.50   1  58 160
       26047.75    182.41     0.00     2.50   1  53 159
       27506.29    180.70     0.00     2.50   1  56 160
       26274.24    179.42     0.00     2.50   1  54 161
       26406.93    180.86     0.00     2.50   1  54 160
       25283.61    189.65     0.00     2.50   1  52 156
       25101.78    188.89     0.00     2.50   1  51 156
       29711.31    148.21     0.00     2.50   1  61 176
       25741.63    184.68     0.00     2.50   1  53 158
       25893.85    184.16     0.00     2.50   1  53 158
       24745.63    199.21     0.00     2.50   1  51 151
       27258.53    181.87     0.00     2.50   1  56 160
       25921.65    185.23     0.00     2.50   1  53 158
       26259.60    181.38     0.00     2.50   1  54 160
       27998.88    178.95     0.00     2.50   1  57 161
       25860.64    186.66     0.00     2.50   1  53 157
       24835.74    191.59     0.00     2.50   1  51 155
       25486.14    230.58     0.00     2.50   1  52 135
       24981.27    200.27     0.00     2.50   1  51 150
       25385.96    187.45     0.00     2.50   1  52 157
       24801.78    218.07     0.00     2.50   1  51 141
       24854.15    189.59     0.00     2.50   1  51 156
       25689.87    189.23     0.00     2.50   1  53 156
       26112.38    184.50     0.00     2.50   1  53 158
       28424.24    165.60     0.00     2.50   1  58 168
       24771.43    209.83     0.00     2.50   1  51 146
       24810.16    195.33     0.00     2.50   1  51 153
       24838.44    222.62     0.00     2.50   1  51 139
       24821.80    215.74     0.00     2.50   1  51 143
       24758.35    208.37     0.00     2.50   1  51 146
       27214.19    183.78     0.00     2.50   1  56 159
       24880.92    218.70     0.00     2.50   1  51 141
       24963.36    223.73     0.00     2.50   1  51 139
       27537.84    176.58     0.00     2.50   1  56 162
       25825.33    188.43     0.00     2.50   1  53 156
       25064.44    219.23     0.00     2.50   1  51 141
       25893.53    195.17     0.00     2.50   1  53 153
       25658.21    191.99     0.00     2.50   1  52 155
       25243.00    224.21     0.00     2.50   1  52 138
       24985.47    223.77     0.00     2.50   1  51 139
       24974.49    225.15     0.00     2.50   1  51 138
       25002.29    214.15     0.00     2.50   1  51 143
       25708.13    225.65     0.00     2.50   1  53 138
       25282.58    230.37     0.00     2.50   1  52 135
       25043.53    221.04     0.00     2.50   1  51 140
       25404.30    191.82     0.00     2.50   1  52 155
       24753.50    210.93     0.00     2.50   1  51 145
       25659.37    223.68     0.00     2.50   1  52 139
       24994.43    215.26     0.00     2.50   1  51 143
       26071.18    184.72     0.00     2.50   1  53 158
       24960.10    223.50     0.00     2.50   1  51 139
       25404.68    197.94     0.00     2.50   1  52 152
       25286.25    222.01     0.00     2.50   1  52 139
       30049.72    187.26     0.00     2.50   1  61 157
       26301.43    288.60     0.00     2.50   1  54 106
       25830.59    294.87     0.00     2.50   1  53 103
       28315.23    200.05     0.00     2.50   1  58 150
       30317.65    274.11     0.00     2.50   1  62 113
       28822.44    296.65     0.00     2.50   1  59 102
       30683.15    245.98     0.00     2.50   1  62 128
       25024.08    292.79     0.00     2.50   1  51 104
       27882.68    292.45     0.00     2.50   1  57 104
       29817.02    297.34     0.00     2.50   1  61 102
       27321.85    182.76     0.00     2.50   1  56 159
       29273.06    294.39     0.00     2.50   1  60 103
       29280.36    289.65     0.00     2.50   1  60 106
       30051.44    295.29     0.00     2.50   1  61 103
       27874.19    295.61     0.00     2.50   1  57 103
       27212.91    208.25     0.00     2.50   1  56 146
       26945.59    203.36     0.00     2.50   1  55 149
       27429.84    207.56     0.00     2.50   1  56 147
       28334.67    175.99     0.00     2.50   1  58 163
       31578.39    286.16     0.00     2.50   1  64 107
       27481.56    191.83     0.00     2.50   1  56 155
       29803.29    162.88     0.00     2.50   1  61 169
       25378.93    232.38     0.00     2.50   1  52 134
       25527.88    230.37     0.00     2.50   1  52 135
       26226.29    198.60     0.00     2.50   1  54 151
       28280.46    170.93     0.00     2.50   1  58 165
       25771.93    204.15     0.00     2.50   1  53 148
       25625.78    197.40     0.00     2.50   1  52 152
       27978.55    171.37     0.00     2.50   1  57 165
       24986.62    190.09     0.00     2.50   1  51 155
       26582.05    201.11     0.00     2.50   1  54 150
       31499.18    197.71     0.00     2.50   1  64 152
       25204.25    182.79     0.00     2.50   1  52 159
       27479.18    177.78     0.00     2.50   1  56 162
       26012.95    179.02     0.00     2.50   1  53 161
       29510.60    153.49     0.00     2.50   1  60 174
       25901.15    170.92     0.00     2.50   1  53 165
       28135.37    168.26     0.00     2.50   1  57 166
       24699.25    215.94     0.00     2.50   1  51 143
       27210.64    190.79     0.00     2.50   1  56 155
       25553.63    181.63     0.00     2.50   1  52 160
       25063.33    199.97     0.00     2.50   1  51 151
       25904.13    188.85     0.00     2.50   1  53 156
       27950.61    176.13     0.00     2.50   1  57 162
       25623.37    184.44     0.00     2.50   1  52 158
       26079.71    177.64     0.00     2.50   1  53 162
       26122.43    178.70     0.00     2.50   1  53 161
       27296.14    190.24     0.00     2.50   1  56 155
       25368.77    199.77     0.00     2.50   1  52 151
       26158.40    180.83     0.00     2.50   1  53 160
       26130.80    171.44     0.00     2.50   1  53 165
       25456.98    177.34     0.00     2.50   1  52 162
       24782.66    214.09     0.00     2.50   1  51 143
       30422.77    151.68     0.00     2.50   1  62 175
       25227.15    191.05     0.00     2.50   1  52 155
       26009.56    180.68     0.00     2.50   1  53 160
       27469.96    182.58     0.00     2.50   1  56 159
       24740.41    189.28     0.00     2.50   1  51 156
       25044.64    232.06     0.00     2.50   1  51 134
       28907.04    160.35     0.00     2.50   1  59 170
       26280.00    178.26     0.00     2.50   1  54 161
       25905.10    229.92     0.00     2.50   1  53 136
       25565.01    227.04     0.00     2.50   1  52 137
       24803.93    184.25     0.00     2.50   1  51 158
       25422.17    182.73     0.00     2.50   1  52 159
       24594.71    196.63     0.00     2.50   1  50 152
       26059.19    182.41     0.00     2.50   1  53 159
       26454.82    170.28     0.00     2.50   1  54 165
       24630.11    193.23     0.00     2.50   1  50 154
       25044.25    227.63     0.00     2.50   1  51 137
       24655.46    216.26     0.00     2.50   1  50 142
       25830.78    228.07     0.00     2.50   1  53 136
       25810.49    180.64     0.00     2.50   1  53 160
       25973.37    179.16     0.00     2.50   1  53 161
       25680.19    168.76     0.00     2.50   1  53 166
       27380.41    182.80     0.00     2.50   1  56 159
       25053.18    184.53     0.00     2.50   1  51 158
       31657.55    189.18     0.00     2.50   1  64 156
       24824.91    190.93     0.00     2.50   1  51 155
       24625.92    209.21     0.00     2.50   1  50 146
       25792.37    180.57     0.00     2.50   1  53 160
       24658.70    202.31     0.00     2.50   1  50 149
       24748.23    215.91     0.00     2.50   1  51 143
       25368.08    188.80     0.00     2.50   1  52 156
       25558.33    221.60     0.00     2.50   1  52 140
       24943.72    192.57     0.00     2.50   1  51 154
       24868.41    215.66     0.00     2.50   1  51 143
       25049.08    229.93     0.00     2.50   1  51 136
       25362.73    220.71     0.00     2.50   1  52 140
       27384.48    164.25     0.00     2.50   1  56 168
       24991.48    222.74     0.00     2.50   1  51 139
       25139.33    229.77     0.00     2.50   1  51 136
       25181.96    223.44     0.00     2.50   1  52 139
       26292.25    226.78     0.00     2.50   1  54 137
       24951.77    225.45     0.00     2.50   1  51 138
       24657.82    194.41     0.00     2.50   1  50 153
       25897.07    230.82     0.00     2.50   1  53 135
       25415.15    228.65     0.00     2.50   1  52 136
       26061.11    230.57     0.00     2.50   1  53 135
       26504.55    226.37     0.00     2.50   1  54 137
       27343.05    243.90     0.00     2.50   1  56 129
       25102.07    223.08     0.00     2.50   1  51 139
       24676.04    208.56     0.00     2.50   1  51 146
       25596.40    224.85     0.00     2.50   1  52 138
       27377.18    245.06     0.00     2.50   1  56 128
       24438.86    182.09     0.00     2.50   1  50 159
       25537.04    167.74     0.00     2.50   1  52 167
       25665.83    167.85     0.00     2.50   1  52 167
       25942.47    165.11     0.00     2.50   1  53 168
       25883.45    165.74     0.00     2.50   1  53 168
TEXT X=47, Y=90, F=HELV-BOLD, HU=FRAME, AN=MIDCENTER,C=RED, H=2.5, T="   January  4, 2012     12am    (JDAY4387.003)", ZN=     4
TEXT X=30.0, Y=21.0, F=HELV-BOLD, HU=FRAME,AN=MIDRIGHT, C=BLACK, H=2.1, T="   310", ZN=     4
  
ZONE T="JDAY   4388.01", I=    311, F=POINT
           0.01      0.01     0.00     0.00  -1   0   0
       25847.46    290.79     0.00     3.51   1  53 105
       23809.62    286.00     0.00     3.51   1  49 107
       24785.51    286.99     0.00     3.51   1  51 107
       25606.86    295.47     0.00     3.51   1  52 103
       25520.23    291.70     0.00     3.51   1  52 105
       21635.69    292.39     0.00     3.51   1  44 104
       28188.14    293.48     0.00     3.51   1  58 104
       24630.44    286.48     0.00     3.51   1  50 107
       25417.11    288.90     0.00     3.51   1  52 106
       24668.08    287.70     0.00     3.51   1  51 107
       30319.52    286.64     0.00     3.51   1  62 107
       24642.65    297.25     0.00     3.51   1  50 102
       25228.95    288.39     0.00     3.51   1  52 106
       28755.06    286.85     0.00     3.51   1  59 107
       28850.49    292.65     0.00     3.51   1  59 104
       27195.63    184.91     0.00     3.51   1  56 158
       26104.92    205.99     0.00     3.51   1  53 148
       25304.84    295.18     0.00     3.51   1  52 103
       27642.84    223.60     0.00     3.51   1  56 139
       25161.82    287.64     0.00     3.51   1  51 107
       24662.58    286.38     0.00     3.51   1  50 107
       29068.58    199.87     0.00     3.51   1  59 151
       24677.98    223.13     0.00     3.51   1  51 139
       24761.26    204.80     0.00     3.51   1  51 148
       25575.50    291.46     0.00     3.51   1  52 105
       26009.85    294.27     0.00     3.51   1  53 103
       24620.47    207.00     0.00     3.51   1  50 147
       28241.82    217.99     0.00     3.51   1  58 142
       24195.98    206.21     0.00     3.51   1  50 147
       24687.31    290.05     0.00     3.51   1  51 105
       25540.94    195.54     0.00     3.51   1  52 153
       26847.61    294.51     0.00     3.51   1  55 103
       25967.31    238.04     0.00     3.51   1  53 131
       25469.29    190.69     0.00     3.51   1  52 155
       29323.56    182.68     0.00     3.51   1  60 159
       27208.88    199.16     0.00     3.51   1  56 151
       24518.00    203.99     0.00     3.51   1  50 149
       25992.92    216.39     0.00     3.51   1  53 142
       24447.26    203.41     0.00     3.51   1  50 149
       25905.11    235.06     0.00     3.51   1  53 133
       25515.36    190.83     0.00     3.51   1  52 155
       25542.61    189.18     0.00     3.51   1  52 156
       24208.86    213.73     0.00     3.51   1  50 144
       24122.73    210.35     0.00     3.51   1  49 145
       24752.41    205.09     0.00     3.51   1  51 148
       25255.77    212.59     0.00     3.51   1  52 144
       24233.90    203.55     0.00     3.51   1  50 149
       27346.26    175.62     0.00     3.51   1  56 163
       27377.05    222.88     0.00     3.51   1  56 139
       24487.92    217.85     0.00     3.51   1  50 142
       25303.51    226.47     0.00     3.51   1  52 137
       26987.47    211.29     0.00     3.51   1  55 145
       27758.71    171.51     0.00     3.51   1  57 165
       24665.29    226.97     0.00     3.51   1  51 137
       24769.47    210.78     0.00     3.51   1  51 145
       24518.13    209.90     0.00     3.51   1  50 146
       24889.77    218.61     0.00     3.51   1  51 141
       24759.74    207.63     0.00     3.51   1  51 147
       24800.50    224.78     0.00     3.51   1  51 138
       25513.90    191.17     0.00     3.51   1  52 155
       26541.58    212.79     0.00     3.51   1  54 144
       24829.48    210.35     0.00     3.51   1  51 145
       24731.52    223.66     0.00     3.51   1  51 139
       25418.73    205.83     0.00     3.51   1  52 148
       26948.19    177.66     0.00     3.51   1  55 162
       26643.61    182.08     0.00     3.51   1  54 159
       27368.29    193.42     0.00     3.51   1  56 154
       24696.67    214.88     0.00     3.51   1  51 143
       25017.11    231.22     0.00     3.51   1  51 135
       25320.94    228.71     0.00     3.51   1  52 136
       25684.69    194.11     0.00     3.51   1  53 153
       25549.71    194.97     0.00     3.51   1  52 153
       25733.46    231.63     0.00     3.51   1  53 135
       24932.96    239.12     0.00     3.51   1  51 131
       25501.43    193.46     0.00     3.51   1  52 154
       24121.20    210.10     0.00     3.51   1  49 145
       24841.32    208.33     0.00     3.51   1  51 146
       26166.13    192.79     0.00     3.51   1  53 154
       24252.96    215.78     0.00     3.51   1  50 143
       24815.46    224.07     0.00     3.51   1  51 138
       24373.11    226.02     0.00     3.51   1  50 137
       25167.09    225.93     0.00     3.51   1  52 138
       26584.05    244.28     0.00     3.51   1  54 128
       25508.61    209.84     0.00     3.51   1  52 146
       24727.45    206.52     0.00     3.51   1  51 147
       25663.42    224.39     0.00     3.51   1  52 138
       25875.92    225.09     0.00     3.51   1  53 138
       25612.71    224.74     0.00     3.51   1  52 138
       25494.55    193.43     0.00     3.51   1  52 154
       29084.83    152.18     0.00     3.51   1  59 174
       26910.08    245.71     0.00     3.51   1  55 128
       26251.16    227.94     0.00     3.51   1  54 137
       25591.83    223.72     0.00     3.51   1  52 139
       25549.85    223.55     0.00     3.51   1  52 139
       25541.88    225.31     0.00     3.51   1  52 138
       25887.17    221.04     0.00     3.51   1  53 140
       25316.32    218.82     0.00     3.51   1  52 141
       25989.51    225.67     0.00     3.51   1  53 138
       24985.32    221.91     0.00     3.51   1  51 140
       24686.11    283.97     0.00     3.51   1  51 109
       20445.02    284.23     0.00     3.51   1  42 108
       24938.74    290.90     0.00     3.51   1  51 105
       23821.43    286.46     0.00     3.51   1  49 107
       26572.34    295.34     0.00     3.51   1  54 103
       27770.43    234.98     0.00     3.51   1  57 133
       20541.06    284.83     0.00     3.51   1  42 108
       25195.62    286.96     0.00     3.51   1  52 107
       24754.64    289.65     0.00     3.51   1  51 106
       20445.16    283.90     0.00     3.51   1  42 109
       20511.36    284.84     0.00     3.51   1  42 108
       29037.27    287.04     0.00     3.51   1  59 107
       25360.90    287.51     0.00     3.51   1  52 107
       26143.44    211.66     0.00     3.51   1  53 145
       24103.44    202.16     0.00     3.51   1  49 149
       28505.60    166.56     0.00     3.51   1  58 167
       26203.71    192.21     0.00     3.51   1  54 154
       25406.14    200.15     0.00     3.51   1  52 150
       24203.09    201.61     0.00     3.51   1  50 150
       25810.94    191.85     0.00     3.51   1  53 155
       26068.48    218.44     0.00     3.51   1  53 141
       24424.22    212.59     0.00     3.51   1  50 144
       30774.48    237.13     0.00     3.51   1  63 132
       24809.23    206.62     0.00     3.51   1  51 147
       24671.60    189.30     0.00     3.51   1  51 156
       25506.11    196.06     0.00     3.51   1  52 152
       24233.65    199.09     0.00     3.51   1  50 151
       27240.76    190.84     0.00     3.51   1  56 155
       24493.15    204.14     0.00     3.51   1  50 148
       25431.86    191.31     0.00     3.51   1  52 155
       25806.64    185.35     0.00     3.51   1  53 158
       24067.37    183.50     0.00     3.51   1  49 159
       24530.75    203.41     0.00     3.51   1  50 149
       27599.74    178.43     0.00     3.51   1  56 161
       24393.25    196.63     0.00     3.51   1  50 152
       26322.36    180.50     0.00     3.51   1  54 160
       24786.29    183.53     0.00     3.51   1  51 159
       23926.21    213.66     0.00     3.51   1  49 144
       24291.36    200.94     0.00     3.51   1  50 150
       23951.60    192.32     0.00     3.51   1  49 154
       27347.33    174.96     0.00     3.51   1  56 163
       25538.64    178.51     0.00     3.51   1  52 161
       25041.74    178.71     0.00     3.51   1  51 161
       25007.15    183.36     0.00     3.51   1  51 159
       27782.92    169.15     0.00     3.51   1  57 166
       25176.79    237.27     0.00     3.51   1  52 132
       24369.66    189.02     0.00     3.51   1  50 156
       26016.76    192.69     0.00     3.51   1  53 154
       26292.07    192.92     0.00     3.51   1  54 154
       25183.33    179.79     0.00     3.51   1  52 161
       25944.64    184.86     0.00     3.51   1  53 158
       25655.73    177.56     0.00     3.51   1  52 162
       25483.04    180.36     0.00     3.51   1  52 160
       24196.11    191.06     0.00     3.51   1  50 155
       24101.91    187.55     0.00     3.51   1  49 157
       27751.15    183.93     0.00     3.51   1  57 159
       24684.17    183.90     0.00     3.51   1  51 159
       24861.09    182.70     0.00     3.51   1  51 159
       24039.21    236.96     0.00     3.51   1  49 132
       25706.34    186.53     0.00     3.51   1  53 157
       24791.79    184.84     0.00     3.51   1  51 158
       25371.47    180.17     0.00     3.51   1  52 160
       26313.79    185.26     0.00     3.51   1  54 158
       24660.23    187.49     0.00     3.51   1  50 157
       23796.38    211.76     0.00     3.51   1  49 145
       25844.58    234.04     0.00     3.51   1  53 133
       23949.53    212.01     0.00     3.51   1  49 144
       24311.96    188.57     0.00     3.51   1  50 156
       24694.14    242.53     0.00     3.51   1  51 129
       23874.28    186.17     0.00     3.51   1  49 157
       24428.45    192.10     0.00     3.51   1  50 154
       25014.18    183.66     0.00     3.51   1  51 159
       27688.49    173.20     0.00     3.51   1  57 164
       24442.62    234.33     0.00     3.51   1  50 133
       23865.42    237.52     0.00     3.51   1  49 132
       24856.33    243.04     0.00     3.51   1  51 129
       24618.44    238.86     0.00     3.51   1  50 131
       24380.24    232.80     0.00     3.51   1  50 134
       25559.02    188.96     0.00     3.51   1  52 156
       24681.82    239.41     0.00     3.51   1  51 131
       24921.33    240.86     0.00     3.51   1  51 130
       26361.65    181.43     0.00     3.51   1  54 160
       24548.45    190.68     0.00     3.51   1  50 155
       24701.86    235.35     0.00     3.51   1  51 133
       24451.75    201.88     0.00     3.51   1  50 150
       24352.52    196.08     0.00     3.51   1  50 152
       25038.52    236.07     0.00     3.51   1  51 132
       24945.82    240.57     0.00     3.51   1  51 130
       25006.08    241.88     0.00     3.51   1  51 130
       24495.79    230.77     0.00     3.51   1  50 135
       25600.68    233.10     0.00     3.51   1  52 134
       25732.52    234.27     0.00     3.51   1  53 133
       24794.98    236.97     0.00     3.51   1  51 132
       24176.02    195.19     0.00     3.51   1  50 153
       24502.31    237.18     0.00     3.51   1  50 132
       25498.91    233.09     0.00     3.51   1  52 134
       24536.33    232.22     0.00     3.51   1  50 134
       24947.54    183.89     0.00     3.51   1  51 159
       24933.11    240.82     0.00     3.51   1  51 130
       24141.18    204.15     0.00     3.51   1  49 148
       24971.04    234.21     0.00     3.51   1  51 133
       26894.12    203.63     0.00     3.51   1  55 149
       25979.30    294.39     0.00     3.51   1  53 103
       24993.04    286.26     0.00     3.51   1  51 107
       26229.58    211.26     0.00     3.51   1  54 145
       31559.96    289.02     0.00     3.51   1  64 106
       29810.81    292.20     0.00     3.51   1  61 104
       28204.75    214.47     0.00     3.51   1  58 143
       25164.01    290.74     0.00     3.51   1  51 105
       29748.58    283.54     0.00     3.51   1  61 109
       30604.57    282.98     0.00     3.51   1  62 109
       25711.40    188.41     0.00     3.51   1  53 156
       30284.08    256.21     0.00     3.51   1  62 122
       28857.85    295.97     0.00     3.51   1  59 103
       30419.75    285.75     0.00     3.51   1  62 108
       27847.08    293.30     0.00     3.51   1  57 104
       25562.87    215.81     0.00     3.51   1  52 143
       25291.26    212.98     0.00     3.51   1  52 144
       25666.67    214.19     0.00     3.51   1  52 143
       26710.35    183.66     0.00     3.51   1  55 159
       30378.50    146.15     0.00     3.51   1  62 177
       25536.68    198.63     0.00     3.51   1  52 151
       27420.17    183.56     0.00     3.51   1  56 159
       26000.53    248.72     0.00     3.51   1  53 126
       25403.87    233.36     0.00     3.51   1  52 134
       24688.08    207.56     0.00     3.51   1  51 147
       26968.90    180.12     0.00     3.51   1  55 160
       24493.94    214.49     0.00     3.51   1  50 143
       24284.33    204.37     0.00     3.51   1  50 148
       27068.42    177.44     0.00     3.51   1  55 162
       23985.02    188.97     0.00     3.51   1  49 156
       24964.86    210.80     0.00     3.51   1  51 145
       28095.28    183.42     0.00     3.51   1  57 159
       24364.17    182.34     0.00     3.51   1  50 159
       26220.99    181.87     0.00     3.51   1  54 160
       25628.19    175.58     0.00     3.51   1  52 163
       28308.89    169.21     0.00     3.51   1  58 166
       26601.10    168.14     0.00     3.51   1  54 166
       27514.43    172.49     0.00     3.51   1  56 164
       24689.51    243.79     0.00     3.51   1  51 129
       25347.00    198.37     0.00     3.51   1  52 151
       24769.81    179.20     0.00     3.51   1  51 161
       23979.22    206.67     0.00     3.51   1  49 147
       24584.95    191.54     0.00     3.51   1  50 155
       26547.74    182.70     0.00     3.51   1  54 159
       24604.33    184.03     0.00     3.51   1  50 158
       25960.96    174.56     0.00     3.51   1  53 163
       25838.10    175.04     0.00     3.51   1  53 163
       25408.58    197.50     0.00     3.51   1  52 152
       24139.42    206.24     0.00     3.51   1  49 147
       25454.45    178.49     0.00     3.51   1  52 161
       26837.76    168.39     0.00     3.51   1  55 166
       25239.31    172.89     0.00     3.51   1  52 164
       24587.74    239.32     0.00     3.51   1  50 131
       27720.55    183.27     0.00     3.51   1  57 159
       24142.67    191.69     0.00     3.51   1  49 155
       25446.60    177.05     0.00     3.51   1  52 162
       25732.45    187.36     0.00     3.51   1  53 157
       23749.90    211.74     0.00     3.51   1  49 145
       25373.05    242.91     0.00     3.51   1  52 129
       27730.43    182.31     0.00     3.51   1  57 159
       25879.59    175.97     0.00     3.51   1  53 163
       26060.68    238.08     0.00     3.51   1  53 131
       25435.54    234.20     0.00     3.51   1  52 133
       23859.40    184.26     0.00     3.51   1  49 158
       24517.02    181.68     0.00     3.51   1  50 160
       23956.10    214.25     0.00     3.51   1  49 143
       25206.55    179.48     0.00     3.51   1  52 161
       27111.24    168.56     0.00     3.51   1  55 166
       23865.68    213.51     0.00     3.51   1  49 144
       25139.98    241.19     0.00     3.51   1  51 130
       24736.77    245.32     0.00     3.51   1  51 128
       26102.72    248.54     0.00     3.51   1  53 126
       25295.46    176.24     0.00     3.51   1  52 162
       25670.63    175.27     0.00     3.51   1  53 163
       26555.67    165.77     0.00     3.51   1  54 168
       25736.00    187.44     0.00     3.51   1  53 157
       24181.46    182.33     0.00     3.51   1  50 159
       29706.23    157.12     0.00     3.51   1  61 172
       23848.54    192.75     0.00     3.51   1  49 154
       24502.82    239.32     0.00     3.51   1  50 131
       25286.36    176.32     0.00     3.51   1  52 162
       24103.13    216.07     0.00     3.51   1  49 142
       24669.31    242.71     0.00     3.51   1  51 129
       24279.28    189.90     0.00     3.51   1  50 156
       25252.98    232.52     0.00     3.51   1  52 134
       23897.05    195.72     0.00     3.51   1  49 153
       24581.55    237.21     0.00     3.51   1  50 132
       25214.83    234.15     0.00     3.51   1  52 133
       24979.38    232.84     0.00     3.51   1  51 134
       28124.14    161.05     0.00     3.51   1  57 170
       24866.67    240.24     0.00     3.51   1  51 130
       25214.89    234.28     0.00     3.51   1  52 133
       24958.34    236.49     0.00     3.51   1  51 132
       26366.43    242.30     0.00     3.51   1  54 129
       25047.64    241.89     0.00     3.51   1  51 130
       23904.73    236.21     0.00     3.51   1  49 132
       26098.09    234.72     0.00     3.51   1  53 133
       25305.88    234.26     0.00     3.51   1  52 133
       27204.98    263.09     0.00     3.51   1  56 119
       26576.67    244.21     0.00     3.51   1  54 128
       28571.88    259.48     0.00     3.51   1  58 121
       24913.80    237.98     0.00     3.51   1  51 132
       24450.25    236.94     0.00     3.51   1  50 132
       25430.97    233.89     0.00     3.51   1  52 134
       28677.15    258.64     0.00     3.51   1  58 121
       23676.50    210.73     0.00     3.51   1  49 145
       26420.22    164.49     0.00     3.51   1  54 168
       26580.02    164.72     0.00     3.51   1  54 168
       27002.73    161.56     0.00     3.51   1  55 170
       26904.37    162.53     0.00     3.51   1  55 169
TEXT X=47, Y=90, F=HELV-BOLD, HU=FRAME, AN=MIDCENTER,C=RED, H=2.5, T="   January  5, 2012     12am    (JDAY4388.006)", ZN=     5
TEXT X=30.0, Y=21.0, F=HELV-BOLD, HU=FRAME,AN=MIDRIGHT, C=BLACK, H=2.1, T="   310", ZN=     5
